Date,Open,High,Low,Close,Volume
2017-11-11 00:00:00.000000,0.00428900,0.00429600,0.00428900,0.00429600,54.37000000
2017-11-11 00:01:00.000000,0.00429600,0.00429600,0.00429600,0.00429600,0.00000000
2017-11-11 00:02:00.000000,0.00429600,0.00429600,0.00429600,0.00429600,0.00000000
2017-11-11 00:03:00.000000,0.00429600,0.00429600,0.00429600,0.00429600,4.24000000
2017-11-11 00:04:00.000000,0.00429600,0.00429600,0.00429600,0.00429600,0.00000000
2017-11-11 00:05:00.000000,0.00429600,0.00429600,0.00428800,0.00428800,57.13000000
2017-11-11 00:06:00.000000,0.00428800,0.00428800,0.00428800,0.00428800,0.00000000
2017-11-11 00:07:00.000000,0.00428800,0.00428800,0.00428800,0.00428800,0.00000000
2017-11-11 00:08:00.000000,0.00428800,0.00428800,0.00428800,0.00428800,0.00000000
2017-11-11 00:09:00.000000,0.00429600,0.00430800,0.00429600,0.00430800,115.83000000
2017-11-11 00:10:00.000000,0.00430800,0.00430800,0.00430800,0.00430800,0.00000000
2017-11-11 00:11:00.000000,0.00430700,0.00434600,0.00430700,0.00434600,318.83000000
2017-11-11 00:12:00.000000,0.00434400,0.00434400,0.00434100,0.00434300,38.06000000
2017-11-11 00:13:00.000000,0.00432300,0.00432400,0.00432300,0.00432400,58.84000000
2017-11-11 00:14:00.000000,0.00432400,0.00432400,0.00432400,0.00432400,0.00000000
2017-11-11 00:15:00.000000,0.00432400,0.00432400,0.00431200,0.00432400,47.25000000
2017-11-11 00:16:00.000000,0.00432400,0.00432400,0.00432300,0.00432300,64.06000000
2017-11-11 00:17:00.000000,0.00431300,0.00432300,0.00431300,0.00432300,88.14000000
2017-11-11 00:18:00.000000,0.00431100,0.00431400,0.00431000,0.00431200,276.66000000
2017-11-11 00:19:00.000000,0.00431300,0.00431400,0.00431000,0.00431200,485.13000000
2017-11-11 00:20:00.000000,0.00431200,0.00431200,0.00431200,0.00431200,942.69000000
2017-11-11 00:21:00.000000,0.00431200,0.00431200,0.00431200,0.00431200,872.00000000
2017-11-11 00:22:00.000000,0.00431100,0.00431200,0.00431000,0.00431000,299.94000000
2017-11-11 00:23:00.000000,0.00431100,0.00431200,0.00431100,0.00431100,495.39000000
2017-11-11 00:24:00.000000,0.00431100,0.00431300,0.00431100,0.00431200,827.12000000
2017-11-11 00:25:00.000000,0.00431100,0.00431100,0.00431000,0.00431100,912.83000000
2017-11-11 00:26:00.000000,0.00431100,0.00431200,0.00430900,0.00431100,969.08000000
2017-11-11 00:27:00.000000,0.00431100,0.00431100,0.00430700,0.00431100,1016.63000000
2017-11-11 00:28:00.000000,0.00431100,0.00431100,0.00431100,0.00431100,386.94000000
2017-11-11 00:29:00.000000,0.00431000,0.00431000,0.00431000,0.00431000,417.23000000
2017-11-11 00:30:00.000000,0.00431000,0.00431000,0.00431000,0.00431000,800.73000000
2017-11-11 00:31:00.000000,0.00431000,0.00431000,0.00430000,0.00431000,263.47000000
2017-11-11 00:32:00.000000,0.00430900,0.00430900,0.00430900,0.00430900,206.05000000
2017-11-11 00:33:00.000000,0.00430900,0.00430900,0.00430900,0.00430900,531.98000000
2017-11-11 00:34:00.000000,0.00430900,0.00430900,0.00428800,0.00430200,605.49000000
2017-11-11 00:35:00.000000,0.00429800,0.00429800,0.00429800,0.00429800,161.50000000
2017-11-11 00:36:00.000000,0.00429900,0.00430000,0.00429900,0.00429900,206.39000000
2017-11-11 00:37:00.000000,0.00429600,0.00429600,0.00429500,0.00429500,24.03000000
2017-11-11 00:38:00.000000,0.00429500,0.00429500,0.00428800,0.00429500,78.27000000
2017-11-11 00:39:00.000000,0.00429500,0.00429600,0.00429500,0.00429500,521.59000000
2017-11-11 00:40:00.000000,0.00429500,0.00429500,0.00428800,0.00429300,660.98000000
2017-11-11 00:41:00.000000,0.00428900,0.00429500,0.00428800,0.00429500,535.61000000
2017-11-11 00:42:00.000000,0.00429400,0.00430100,0.00429400,0.00430100,874.94000000
2017-11-11 00:43:00.000000,0.00430100,0.00430100,0.00430100,0.00430100,160.55000000
2017-11-11 00:44:00.000000,0.00430100,0.00431200,0.00430100,0.00430100,498.85000000
2017-11-11 00:45:00.000000,0.00430300,0.00430400,0.00430200,0.00430200,1510.68000000
2017-11-11 00:46:00.000000,0.00430100,0.00431100,0.00430000,0.00430200,2048.95000000
2017-11-11 00:47:00.000000,0.00430200,0.00430700,0.00430200,0.00430700,520.59000000
2017-11-11 00:48:00.000000,0.00430700,0.00430700,0.00430700,0.00430700,264.53000000
2017-11-11 00:49:00.000000,0.00430700,0.00431200,0.00430100,0.00431000,541.74000000
2017-11-11 00:50:00.000000,0.00430200,0.00431100,0.00430200,0.00431100,1054.31000000
2017-11-11 00:51:00.000000,0.00431100,0.00431200,0.00431100,0.00431100,76.18000000
2017-11-11 00:52:00.000000,0.00431200,0.00431200,0.00431100,0.00431100,34.34000000
2017-11-11 00:53:00.000000,0.00431200,0.00431200,0.00431100,0.00431100,99.63000000
2017-11-11 00:54:00.000000,0.00431100,0.00431200,0.00430100,0.00430200,952.74000000
2017-11-11 00:55:00.000000,0.00431200,0.00431200,0.00430200,0.00431200,449.02000000
2017-11-11 00:56:00.000000,0.00431200,0.00431200,0.00430400,0.00431200,469.29000000
2017-11-11 00:57:00.000000,0.00430400,0.00431200,0.00430400,0.00430400,400.37000000
2017-11-11 00:58:00.000000,0.00430400,0.00431200,0.00430100,0.00430200,410.50000000
2017-11-11 00:59:00.000000,0.00431200,0.00431200,0.00430200,0.00430200,20.51000000
2017-11-11 01:00:00.000000,0.00431200,0.00431200,0.00430300,0.00431200,33.78000000
2017-11-11 01:01:00.000000,0.00431200,0.00431200,0.00430000,0.00430100,700.35000000
2017-11-11 01:02:00.000000,0.00430100,0.00430200,0.00430000,0.00430200,529.91000000
2017-11-11 01:03:00.000000,0.00430100,0.00432000,0.00430000,0.00432000,300.01000000
2017-11-11 01:04:00.000000,0.00431800,0.00431800,0.00430100,0.00430400,118.07000000
2017-11-11 01:05:00.000000,0.00430400,0.00431800,0.00430400,0.00431800,22.93000000
2017-11-11 01:06:00.000000,0.00431800,0.00431800,0.00430700,0.00431800,57.73000000
2017-11-11 01:07:00.000000,0.00430600,0.00430700,0.00430100,0.00430700,578.35000000
2017-11-11 01:08:00.000000,0.00431400,0.00431400,0.00431200,0.00431200,151.74000000
2017-11-11 01:09:00.000000,0.00430500,0.00431100,0.00430100,0.00430400,206.51000000
2017-11-11 01:10:00.000000,0.00430900,0.00430900,0.00430800,0.00430800,153.62000000
2017-11-11 01:11:00.000000,0.00430200,0.00430400,0.00430200,0.00430400,9.67000000
2017-11-11 01:12:00.000000,0.00430400,0.00430400,0.00430400,0.00430400,21.32000000
2017-11-11 01:13:00.000000,0.00430900,0.00430900,0.00430900,0.00430900,95.17000000
2017-11-11 01:14:00.000000,0.00430900,0.00430900,0.00430900,0.00430900,590.19000000
2017-11-11 01:15:00.000000,0.00430900,0.00431000,0.00430400,0.00430500,173.17000000
2017-11-11 01:16:00.000000,0.00430500,0.00430500,0.00430500,0.00430500,90.95000000
2017-11-11 01:17:00.000000,0.00430500,0.00430500,0.00430500,0.00430500,448.98000000
2017-11-11 01:18:00.000000,0.00430500,0.00430500,0.00430400,0.00430500,362.96000000
2017-11-11 01:19:00.000000,0.00430600,0.00430600,0.00430600,0.00430600,562.14000000
2017-11-11 01:20:00.000000,0.00430600,0.00430700,0.00430600,0.00430600,487.27000000
2017-11-11 01:21:00.000000,0.00430600,0.00431900,0.00430600,0.00430600,533.76000000
2017-11-11 01:22:00.000000,0.00430600,0.00430600,0.00430600,0.00430600,338.96000000
2017-11-11 01:23:00.000000,0.00430800,0.00430900,0.00430800,0.00430900,351.52000000
2017-11-11 01:24:00.000000,0.00430900,0.00430900,0.00430800,0.00430800,718.70000000
2017-11-11 01:25:00.000000,0.00430800,0.00430800,0.00430800,0.00430800,28.64000000
2017-11-11 01:26:00.000000,0.00430800,0.00430900,0.00430800,0.00430900,19.53000000
2017-11-11 01:27:00.000000,0.00431000,0.00431000,0.00431000,0.00431000,642.00000000
2017-11-11 01:28:00.000000,0.00431000,0.00431000,0.00431000,0.00431000,982.89000000
2017-11-11 01:29:00.000000,0.00431000,0.00431400,0.00430900,0.00431400,1089.14000000
2017-11-11 01:30:00.000000,0.00431000,0.00431400,0.00431000,0.00431300,683.32000000
2017-11-11 01:31:00.000000,0.00431200,0.00431800,0.00430900,0.00431400,156.27000000
2017-11-11 01:32:00.000000,0.00431400,0.00431400,0.00430900,0.00430900,489.97000000
2017-11-11 01:33:00.000000,0.00431400,0.00431900,0.00430900,0.00431800,227.67000000
2017-11-11 01:34:00.000000,0.00431800,0.00431900,0.00430800,0.00430800,66.70000000
2017-11-11 01:35:00.000000,0.00430800,0.00430800,0.00430800,0.00430800,256.36000000
2017-11-11 01:36:00.000000,0.00430800,0.00430800,0.00430700,0.00430700,354.52000000
2017-11-11 01:37:00.000000,0.00430600,0.00430600,0.00430600,0.00430600,753.64000000
2017-11-11 01:38:00.000000,0.00430600,0.00430600,0.00430500,0.00430600,472.96000000
2017-11-11 01:39:00.000000,0.00430600,0.00430600,0.00430600,0.00430600,27.74000000
2017-11-11 01:40:00.000000,0.00430600,0.00430600,0.00430600,0.00430600,38.25000000
2017-11-11 01:41:00.000000,0.00430600,0.00430900,0.00430400,0.00430400,162.58000000
2017-11-11 01:42:00.000000,0.00430700,0.00430700,0.00430100,0.00430200,250.23000000
2017-11-11 01:43:00.000000,0.00430200,0.00431500,0.00430200,0.00430800,283.39000000
2017-11-11 01:44:00.000000,0.00430800,0.00432000,0.00430800,0.00431300,421.47000000
2017-11-11 01:45:00.000000,0.00430800,0.00431100,0.00430200,0.00430200,136.79000000
2017-11-11 01:46:00.000000,0.00430400,0.00430500,0.00430100,0.00430200,201.84000000
2017-11-11 01:47:00.000000,0.00430200,0.00430200,0.00430100,0.00430200,259.08000000
2017-11-11 01:48:00.000000,0.00430200,0.00430200,0.00429500,0.00429500,162.12000000
2017-11-11 01:49:00.000000,0.00429600,0.00429800,0.00429600,0.00429700,43.53000000
2017-11-11 01:50:00.000000,0.00429700,0.00429700,0.00429700,0.00429700,0.00000000
2017-11-11 01:51:00.000000,0.00429600,0.00429600,0.00429300,0.00429300,34.11000000
2017-11-11 01:52:00.000000,0.00429200,0.00429300,0.00429100,0.00429100,34.07000000
2017-11-11 01:53:00.000000,0.00429000,0.00429000,0.00428500,0.00428500,8.08000000
2017-11-11 01:54:00.000000,0.00428400,0.00428400,0.00428400,0.00428400,2.64000000
2017-11-11 01:55:00.000000,0.00428200,0.00428300,0.00425000,0.00427800,670.24000000
2017-11-11 01:56:00.000000,0.00428300,0.00428300,0.00427700,0.00428300,187.08000000
2017-11-11 01:57:00.000000,0.00428300,0.00428300,0.00427600,0.00427800,520.88000000
2017-11-11 01:58:00.000000,0.00428000,0.00428000,0.00427900,0.00428000,247.65000000
2017-11-11 01:59:00.000000,0.00428300,0.00428300,0.00428000,0.00428300,891.29000000
2017-11-11 02:00:00.000000,0.00428300,0.00428300,0.00428300,0.00428300,44.35000000
2017-11-11 02:01:00.000000,0.00428200,0.00428200,0.00428100,0.00428100,60.27000000
2017-11-11 02:02:00.000000,0.00427700,0.00428300,0.00427300,0.00428200,461.08000000
2017-11-11 02:03:00.000000,0.00428200,0.00428400,0.00427400,0.00427900,296.56000000
2017-11-11 02:04:00.000000,0.00428900,0.00430100,0.00428900,0.00430100,183.22000000
2017-11-11 02:05:00.000000,0.00430200,0.00430200,0.00430200,0.00430200,498.73000000
2017-11-11 02:06:00.000000,0.00430300,0.00430500,0.00430300,0.00430500,153.65000000
2017-11-11 02:07:00.000000,0.00430500,0.00430600,0.00430500,0.00430600,137.97000000
2017-11-11 02:08:00.000000,0.00430600,0.00431900,0.00430500,0.00430700,156.97000000
2017-11-11 02:09:00.000000,0.00430700,0.00430800,0.00430700,0.00430800,206.08000000
2017-11-11 02:10:00.000000,0.00430800,0.00430800,0.00430700,0.00430700,202.56000000
2017-11-11 02:11:00.000000,0.00430800,0.00430800,0.00430600,0.00430600,226.48000000
2017-11-11 02:12:00.000000,0.00430600,0.00431600,0.00430500,0.00431600,272.85000000
2017-11-11 02:13:00.000000,0.00430500,0.00431600,0.00430500,0.00430600,531.84000000
2017-11-11 02:14:00.000000,0.00431500,0.00431500,0.00430600,0.00431400,624.67000000
2017-11-11 02:15:00.000000,0.00431400,0.00431400,0.00430200,0.00430200,1208.43000000
2017-11-11 02:16:00.000000,0.00430200,0.00431200,0.00430200,0.00430200,406.09000000
2017-11-11 02:17:00.000000,0.00430200,0.00431200,0.00430200,0.00430200,291.61000000
2017-11-11 02:18:00.000000,0.00430200,0.00431400,0.00430200,0.00430200,200.99000000
2017-11-11 02:19:00.000000,0.00430200,0.00431300,0.00430100,0.00430300,135.52000000
2017-11-11 02:20:00.000000,0.00431300,0.00431300,0.00430300,0.00430400,45.53000000
2017-11-11 02:21:00.000000,0.00431500,0.00431500,0.00430400,0.00430400,71.08000000
2017-11-11 02:22:00.000000,0.00430400,0.00431400,0.00430400,0.00430400,102.91000000
2017-11-11 02:23:00.000000,0.00430400,0.00430900,0.00429800,0.00430000,517.07000000
2017-11-11 02:24:00.000000,0.00430000,0.00430000,0.00429900,0.00429900,200.67000000
2017-11-11 02:25:00.000000,0.00430000,0.00430900,0.00429900,0.00430900,89.58000000
2017-11-11 02:26:00.000000,0.00430900,0.00431000,0.00430300,0.00431000,136.11000000
2017-11-11 02:27:00.000000,0.00431200,0.00431500,0.00430500,0.00430500,86.44000000
2017-11-11 02:28:00.000000,0.00430600,0.00431600,0.00430500,0.00431500,123.50000000
2017-11-11 02:29:00.000000,0.00430600,0.00432000,0.00430600,0.00432000,113.00000000
2017-11-11 02:30:00.000000,0.00432300,0.00432300,0.00432100,0.00432300,80.90000000
2017-11-11 02:31:00.000000,0.00432000,0.00435000,0.00431900,0.00431900,983.33000000
2017-11-11 02:32:00.000000,0.00431000,0.00431000,0.00430900,0.00430900,5.76000000
2017-11-11 02:33:00.000000,0.00432300,0.00432300,0.00430600,0.00430600,6.99000000
2017-11-11 02:34:00.000000,0.00430600,0.00430600,0.00430600,0.00430600,0.00000000
2017-11-11 02:35:00.000000,0.00431000,0.00433000,0.00431000,0.00433000,21.27000000
2017-11-11 02:36:00.000000,0.00433400,0.00433400,0.00432700,0.00432700,252.10000000
2017-11-11 02:37:00.000000,0.00432300,0.00432400,0.00432300,0.00432300,312.50000000
2017-11-11 02:38:00.000000,0.00432300,0.00432900,0.00432100,0.00432200,1527.05000000
2017-11-11 02:39:00.000000,0.00432100,0.00432600,0.00432100,0.00432600,510.60000000
2017-11-11 02:40:00.000000,0.00432600,0.00433500,0.00432000,0.00433400,122.59000000
2017-11-11 02:41:00.000000,0.00433400,0.00433400,0.00433400,0.00433400,0.00000000
2017-11-11 02:42:00.000000,0.00432800,0.00432800,0.00431900,0.00432800,224.37000000
2017-11-11 02:43:00.000000,0.00431900,0.00432900,0.00431700,0.00432900,403.77000000
2017-11-11 02:44:00.000000,0.00432800,0.00432900,0.00431600,0.00432900,132.87000000
2017-11-11 02:45:00.000000,0.00432800,0.00432800,0.00431600,0.00432800,47.93000000
2017-11-11 02:46:00.000000,0.00431600,0.00432800,0.00431600,0.00432800,140.41000000
2017-11-11 02:47:00.000000,0.00432900,0.00433000,0.00432000,0.00432000,249.52000000
2017-11-11 02:48:00.000000,0.00432900,0.00433000,0.00432700,0.00432900,118.47000000
2017-11-11 02:49:00.000000,0.00432900,0.00433000,0.00432100,0.00432900,80.92000000
2017-11-11 02:50:00.000000,0.00432200,0.00432900,0.00432200,0.00432900,61.96000000
2017-11-11 02:51:00.000000,0.00432900,0.00432900,0.00432800,0.00432800,124.51000000
2017-11-11 02:52:00.000000,0.00432900,0.00432900,0.00432100,0.00432200,145.09000000
2017-11-11 02:53:00.000000,0.00432200,0.00432900,0.00432200,0.00432300,96.11000000
2017-11-11 02:54:00.000000,0.00432900,0.00433600,0.00432300,0.00433600,88.04000000
2017-11-11 02:55:00.000000,0.00433600,0.00433600,0.00432300,0.00433000,179.28000000
2017-11-11 02:56:00.000000,0.00432300,0.00433000,0.00432300,0.00433000,33.24000000
2017-11-11 02:57:00.000000,0.00432900,0.00433000,0.00432300,0.00432300,28.59000000
2017-11-11 02:58:00.000000,0.00432300,0.00432900,0.00432300,0.00432900,33.61000000
2017-11-11 02:59:00.000000,0.00432900,0.00432900,0.00432300,0.00432300,60.48000000
2017-11-11 03:00:00.000000,0.00432500,0.00432600,0.00432500,0.00432600,69.51000000
2017-11-11 03:01:00.000000,0.00432600,0.00432600,0.00432500,0.00432600,155.82000000
2017-11-11 03:02:00.000000,0.00432600,0.00432600,0.00432500,0.00432600,231.71000000
2017-11-11 03:03:00.000000,0.00432600,0.00432700,0.00432100,0.00432100,317.80000000
2017-11-11 03:04:00.000000,0.00432400,0.00432400,0.00432000,0.00432000,261.15000000
2017-11-11 03:05:00.000000,0.00431500,0.00431500,0.00431100,0.00431100,206.96000000
2017-11-11 03:06:00.000000,0.00431000,0.00431000,0.00430900,0.00431000,44.22000000
2017-11-11 03:07:00.000000,0.00430900,0.00431000,0.00430300,0.00431000,32.39000000
2017-11-11 03:08:00.000000,0.00430400,0.00430400,0.00429400,0.00429400,842.81000000
2017-11-11 03:09:00.000000,0.00429400,0.00429600,0.00429400,0.00429600,272.69000000
2017-11-11 03:10:00.000000,0.00429400,0.00429500,0.00429400,0.00429500,235.33000000
2017-11-11 03:11:00.000000,0.00429500,0.00429500,0.00429400,0.00429400,101.58000000
2017-11-11 03:12:00.000000,0.00429300,0.00429300,0.00429000,0.00429300,197.09000000
2017-11-11 03:13:00.000000,0.00429200,0.00429200,0.00424800,0.00427600,3273.89000000
2017-11-11 03:14:00.000000,0.00427700,0.00429200,0.00427700,0.00429100,104.35000000
2017-11-11 03:15:00.000000,0.00426800,0.00429900,0.00426200,0.00426200,70.89000000
2017-11-11 03:16:00.000000,0.00426700,0.00429000,0.00426700,0.00427200,30.07000000
2017-11-11 03:17:00.000000,0.00427100,0.00428800,0.00426900,0.00428600,228.10000000
2017-11-11 03:18:00.000000,0.00428600,0.00428600,0.00428600,0.00428600,17.27000000
2017-11-11 03:19:00.000000,0.00428600,0.00428600,0.00426900,0.00426900,27.71000000
2017-11-11 03:20:00.000000,0.00426900,0.00428200,0.00426900,0.00428200,37.85000000
2017-11-11 03:21:00.000000,0.00426900,0.00428200,0.00426900,0.00428100,117.33000000
2017-11-11 03:22:00.000000,0.00426900,0.00428000,0.00426900,0.00427500,61.63000000
2017-11-11 03:23:00.000000,0.00426900,0.00427500,0.00426900,0.00427500,56.78000000
2017-11-11 03:24:00.000000,0.00427500,0.00427500,0.00427000,0.00427400,273.26000000
2017-11-11 03:25:00.000000,0.00427000,0.00427500,0.00427000,0.00427500,32.74000000
2017-11-11 03:26:00.000000,0.00427500,0.00427900,0.00427500,0.00427600,16.35000000
2017-11-11 03:27:00.000000,0.00427600,0.00428000,0.00427600,0.00427900,68.33000000
2017-11-11 03:28:00.000000,0.00427900,0.00428000,0.00427800,0.00427800,40.26000000
2017-11-11 03:29:00.000000,0.00427900,0.00428000,0.00427500,0.00428000,250.26000000
2017-11-11 03:30:00.000000,0.00428000,0.00428000,0.00427500,0.00427900,129.99000000
2017-11-11 03:31:00.000000,0.00427500,0.00428000,0.00427400,0.00427500,111.50000000
2017-11-11 03:32:00.000000,0.00427900,0.00427900,0.00427500,0.00427900,59.60000000
2017-11-11 03:33:00.000000,0.00427500,0.00428000,0.00427500,0.00427900,133.62000000
2017-11-11 03:34:00.000000,0.00427900,0.00427900,0.00426600,0.00426600,100.80000000
2017-11-11 03:35:00.000000,0.00426100,0.00428000,0.00426100,0.00427900,44.92000000
2017-11-11 03:36:00.000000,0.00427900,0.00427900,0.00427900,0.00427900,149.58000000
2017-11-11 03:37:00.000000,0.00427900,0.00428000,0.00426300,0.00428000,321.33000000
2017-11-11 03:38:00.000000,0.00428000,0.00428000,0.00427000,0.00428000,409.65000000
2017-11-11 03:39:00.000000,0.00427900,0.00427900,0.00427800,0.00427800,387.14000000
2017-11-11 03:40:00.000000,0.00427800,0.00427800,0.00426000,0.00427700,204.33000000
2017-11-11 03:41:00.000000,0.00426100,0.00427700,0.00426100,0.00427700,34.71000000
2017-11-11 03:42:00.000000,0.00427600,0.00427600,0.00427500,0.00427500,626.18000000
2017-11-11 03:43:00.000000,0.00426800,0.00427400,0.00426800,0.00427300,1836.86000000
2017-11-11 03:44:00.000000,0.00426700,0.00426800,0.00426100,0.00426100,910.19000000
2017-11-11 03:45:00.000000,0.00426100,0.00426600,0.00426100,0.00426400,153.73000000
2017-11-11 03:46:00.000000,0.00426400,0.00426400,0.00425800,0.00425800,690.74000000
2017-11-11 03:47:00.000000,0.00426200,0.00426300,0.00425700,0.00425700,509.33000000
2017-11-11 03:48:00.000000,0.00425700,0.00426300,0.00425700,0.00426300,535.95000000
2017-11-11 03:49:00.000000,0.00426200,0.00426200,0.00425500,0.00425500,681.73000000
2017-11-11 03:50:00.000000,0.00425500,0.00425500,0.00425300,0.00425500,655.45000000
2017-11-11 03:51:00.000000,0.00425700,0.00427700,0.00425500,0.00425900,374.96000000
2017-11-11 03:52:00.000000,0.00425800,0.00427800,0.00424100,0.00424100,219.91000000
2017-11-11 03:53:00.000000,0.00424100,0.00424100,0.00424100,0.00424100,0.00000000
2017-11-11 03:54:00.000000,0.00424700,0.00427300,0.00424100,0.00426400,147.68000000
2017-11-11 03:55:00.000000,0.00426200,0.00426200,0.00424600,0.00424600,438.11000000
2017-11-11 03:56:00.000000,0.00424600,0.00424700,0.00424100,0.00424100,550.50000000
2017-11-11 03:57:00.000000,0.00424700,0.00424700,0.00424000,0.00424000,128.50000000
2017-11-11 03:58:00.000000,0.00424600,0.00424600,0.00424000,0.00424600,310.45000000
2017-11-11 03:59:00.000000,0.00424000,0.00424600,0.00424000,0.00424600,365.09000000
2017-11-11 04:00:00.000000,0.00424100,0.00424600,0.00424100,0.00424600,194.86000000
2017-11-11 04:01:00.000000,0.00424200,0.00424600,0.00424200,0.00424600,137.82000000
2017-11-11 04:02:00.000000,0.00424600,0.00424700,0.00424600,0.00424700,142.37000000
2017-11-11 04:03:00.000000,0.00424700,0.00424700,0.00424600,0.00424700,2005.76000000
2017-11-11 04:04:00.000000,0.00424900,0.00424900,0.00424400,0.00424800,317.19000000
2017-11-11 04:05:00.000000,0.00426300,0.00426300,0.00424900,0.00424900,100.35000000
2017-11-11 04:06:00.000000,0.00424900,0.00425000,0.00423500,0.00424900,149.40000000
2017-11-11 04:07:00.000000,0.00423800,0.00425900,0.00423300,0.00423500,1342.07000000
2017-11-11 04:08:00.000000,0.00423500,0.00423500,0.00423500,0.00423500,0.00000000
2017-11-11 04:09:00.000000,0.00424700,0.00425300,0.00424700,0.00425300,37.21000000
2017-11-11 04:10:00.000000,0.00425300,0.00425300,0.00424800,0.00424800,326.51000000
2017-11-11 04:11:00.000000,0.00424800,0.00424800,0.00424800,0.00424800,226.10000000
2017-11-11 04:12:00.000000,0.00424900,0.00425500,0.00424900,0.00425500,297.22000000
2017-11-11 04:13:00.000000,0.00426000,0.00426000,0.00425300,0.00425400,202.21000000
2017-11-11 04:14:00.000000,0.00425800,0.00425800,0.00422000,0.00424900,421.70000000
2017-11-11 04:15:00.000000,0.00425200,0.00425500,0.00425200,0.00425400,44.81000000
2017-11-11 04:16:00.000000,0.00425400,0.00425400,0.00424900,0.00424900,48.08000000
2017-11-11 04:17:00.000000,0.00424900,0.00425000,0.00424900,0.00424900,35.73000000
2017-11-11 04:18:00.000000,0.00424200,0.00424900,0.00424200,0.00424200,124.81000000
2017-11-11 04:19:00.000000,0.00424200,0.00424300,0.00424100,0.00424100,162.28000000
2017-11-11 04:20:00.000000,0.00424100,0.00424100,0.00422900,0.00422900,155.68000000
2017-11-11 04:21:00.000000,0.00423100,0.00423900,0.00423100,0.00423900,77.26000000
2017-11-11 04:22:00.000000,0.00424000,0.00424300,0.00422100,0.00422100,138.55000000
2017-11-11 04:23:00.000000,0.00423800,0.00424200,0.00422400,0.00422400,1184.82000000
2017-11-11 04:24:00.000000,0.00422900,0.00424300,0.00422900,0.00424300,442.41000000
2017-11-11 04:25:00.000000,0.00423000,0.00424300,0.00423000,0.00424300,392.30000000
2017-11-11 04:26:00.000000,0.00424300,0.00424300,0.00424300,0.00424300,0.00000000
2017-11-11 04:27:00.000000,0.00424700,0.00424700,0.00424700,0.00424700,10.00000000
2017-11-11 04:28:00.000000,0.00424700,0.00424700,0.00424700,0.00424700,6.88000000
2017-11-11 04:29:00.000000,0.00423100,0.00423100,0.00423000,0.00423000,47.02000000
2017-11-11 04:30:00.000000,0.00423000,0.00424700,0.00422900,0.00423100,206.94000000
2017-11-11 04:31:00.000000,0.00423100,0.00423100,0.00423100,0.00423100,250.79000000
2017-11-11 04:32:00.000000,0.00423100,0.00424000,0.00423100,0.00424000,377.01000000
2017-11-11 04:33:00.000000,0.00423200,0.00423200,0.00423200,0.00423200,570.02000000
2017-11-11 04:34:00.000000,0.00423200,0.00423300,0.00423200,0.00423200,656.43000000
2017-11-11 04:35:00.000000,0.00423300,0.00423300,0.00423200,0.00423300,147.41000000
2017-11-11 04:36:00.000000,0.00423300,0.00423400,0.00423300,0.00423400,91.66000000
2017-11-11 04:37:00.000000,0.00423400,0.00423500,0.00423400,0.00423500,545.89000000
2017-11-11 04:38:00.000000,0.00423500,0.00423500,0.00423500,0.00423500,765.22000000
2017-11-11 04:39:00.000000,0.00423500,0.00424000,0.00423500,0.00423600,1402.25000000
2017-11-11 04:40:00.000000,0.00423600,0.00424100,0.00423600,0.00424100,417.65000000
2017-11-11 04:41:00.000000,0.00424100,0.00424700,0.00424100,0.00424100,572.84000000
2017-11-11 04:42:00.000000,0.00424100,0.00424200,0.00424100,0.00424200,413.53000000
2017-11-11 04:43:00.000000,0.00424200,0.00424700,0.00424200,0.00424200,131.23000000
2017-11-11 04:44:00.000000,0.00424600,0.00424600,0.00424200,0.00424300,29.93000000
2017-11-11 04:45:00.000000,0.00424600,0.00424600,0.00424200,0.00424600,38.84000000
2017-11-11 04:46:00.000000,0.00424700,0.00424700,0.00424700,0.00424700,37.71000000
2017-11-11 04:47:00.000000,0.00424700,0.00424700,0.00424600,0.00424600,56.43000000
2017-11-11 04:48:00.000000,0.00424700,0.00424700,0.00424600,0.00424600,100.90000000
2017-11-11 04:49:00.000000,0.00424700,0.00424700,0.00424300,0.00424300,221.48000000
2017-11-11 04:50:00.000000,0.00424600,0.00424600,0.00424300,0.00424300,215.98000000
2017-11-11 04:51:00.000000,0.00424600,0.00424600,0.00424200,0.00424400,147.84000000
2017-11-11 04:52:00.000000,0.00424600,0.00424600,0.00423500,0.00424600,109.15000000
2017-11-11 04:53:00.000000,0.00424600,0.00424600,0.00423500,0.00424600,159.36000000
2017-11-11 04:54:00.000000,0.00424500,0.00424500,0.00423500,0.00424500,100.07000000
2017-11-11 04:55:00.000000,0.00424500,0.00425000,0.00424500,0.00424900,59.21000000
2017-11-11 04:56:00.000000,0.00424900,0.00424900,0.00423400,0.00424900,38.69000000
2017-11-11 04:57:00.000000,0.00424900,0.00424900,0.00424900,0.00424900,359.03000000
2017-11-11 04:58:00.000000,0.00424900,0.00424900,0.00423100,0.00423300,595.62000000
2017-11-11 04:59:00.000000,0.00424700,0.00425000,0.00424700,0.00425000,58.49000000
2017-11-11 05:00:00.000000,0.00424500,0.00424500,0.00423300,0.00423400,23.15000000
2017-11-11 05:01:00.000000,0.00423400,0.00423400,0.00423200,0.00423200,949.09000000
2017-11-11 05:02:00.000000,0.00424900,0.00424900,0.00423400,0.00423400,478.21000000
2017-11-11 05:03:00.000000,0.00423500,0.00424900,0.00423200,0.00423200,880.14000000
2017-11-11 05:04:00.000000,0.00424900,0.00425900,0.00424900,0.00425900,547.45000000
2017-11-11 05:05:00.000000,0.00424200,0.00424600,0.00424100,0.00424100,27.04000000
2017-11-11 05:06:00.000000,0.00424800,0.00424900,0.00424800,0.00424900,21.18000000
2017-11-11 05:07:00.000000,0.00424900,0.00425000,0.00424900,0.00425000,15.54000000
2017-11-11 05:08:00.000000,0.00424800,0.00425300,0.00424800,0.00425300,9.56000000
2017-11-11 05:09:00.000000,0.00424600,0.00424900,0.00424200,0.00424600,12.40000000
2017-11-11 05:10:00.000000,0.00424200,0.00425500,0.00424200,0.00425500,24.03000000
2017-11-11 05:11:00.000000,0.00425500,0.00428400,0.00425500,0.00428100,246.96000000
2017-11-11 05:12:00.000000,0.00426800,0.00426800,0.00426800,0.00426800,2.15000000
2017-11-11 05:13:00.000000,0.00428500,0.00432000,0.00428500,0.00431700,141.81000000
2017-11-11 05:14:00.000000,0.00430500,0.00431700,0.00430500,0.00430600,213.22000000
2017-11-11 05:15:00.000000,0.00430600,0.00430600,0.00430600,0.00430600,1039.25000000
2017-11-11 05:16:00.000000,0.00430600,0.00432000,0.00430600,0.00432000,37.17000000
2017-11-11 05:17:00.000000,0.00430600,0.00430600,0.00430600,0.00430600,41.90000000
2017-11-11 05:18:00.000000,0.00430600,0.00430600,0.00430600,0.00430600,397.76000000
2017-11-11 05:19:00.000000,0.00430600,0.00431300,0.00430600,0.00431300,106.70000000
2017-11-11 05:20:00.000000,0.00430600,0.00430600,0.00427400,0.00427400,1081.13000000
2017-11-11 05:21:00.000000,0.00427700,0.00427800,0.00427700,0.00427700,1077.62000000
2017-11-11 05:22:00.000000,0.00427700,0.00427800,0.00427700,0.00427800,722.12000000
2017-11-11 05:23:00.000000,0.00428800,0.00428800,0.00427800,0.00427900,35.01000000
2017-11-11 05:24:00.000000,0.00428000,0.00428000,0.00427900,0.00427900,26.85000000
2017-11-11 05:25:00.000000,0.00427900,0.00430600,0.00427900,0.00429300,73.07000000
2017-11-11 05:26:00.000000,0.00429200,0.00429400,0.00428900,0.00429400,22.19000000
2017-11-11 05:27:00.000000,0.00429400,0.00430000,0.00429400,0.00430000,26.63000000
2017-11-11 05:28:00.000000,0.00430000,0.00430000,0.00429400,0.00429500,36.23000000
2017-11-11 05:29:00.000000,0.00429400,0.00430500,0.00429200,0.00430500,232.74000000
2017-11-11 05:30:00.000000,0.00429300,0.00430600,0.00429300,0.00430600,217.31000000
2017-11-11 05:31:00.000000,0.00430600,0.00431100,0.00430600,0.00430600,49.41000000
2017-11-11 05:32:00.000000,0.00430700,0.00430800,0.00430700,0.00430800,27.48000000
2017-11-11 05:33:00.000000,0.00430900,0.00431000,0.00428200,0.00428200,126.38000000
2017-11-11 05:34:00.000000,0.00428500,0.00430900,0.00428500,0.00430900,28.75000000
2017-11-11 05:35:00.000000,0.00430900,0.00430900,0.00430900,0.00430900,98.44000000
2017-11-11 05:36:00.000000,0.00430900,0.00431300,0.00430900,0.00431000,100.02000000
2017-11-11 05:37:00.000000,0.00431000,0.00431300,0.00431000,0.00431000,49.61000000
2017-11-11 05:38:00.000000,0.00431000,0.00431000,0.00431000,0.00431000,44.03000000
2017-11-11 05:39:00.000000,0.00431000,0.00432000,0.00430900,0.00431100,967.02000000
2017-11-11 05:40:00.000000,0.00431100,0.00432100,0.00430900,0.00431000,739.32000000
2017-11-11 05:41:00.000000,0.00431900,0.00431900,0.00431900,0.00431900,209.22000000
2017-11-11 05:42:00.000000,0.00431900,0.00431900,0.00431900,0.00431900,9.09000000
2017-11-11 05:43:00.000000,0.00431900,0.00431900,0.00431800,0.00431900,197.75000000
2017-11-11 05:44:00.000000,0.00431800,0.00432000,0.00430500,0.00432000,313.42000000
2017-11-11 05:45:00.000000,0.00432000,0.00432000,0.00430200,0.00432000,221.61000000
2017-11-11 05:46:00.000000,0.00431700,0.00431700,0.00431500,0.00431500,110.68000000
2017-11-11 05:47:00.000000,0.00431600,0.00431700,0.00431500,0.00431700,54.42000000
2017-11-11 05:48:00.000000,0.00431700,0.00432000,0.00431700,0.00431900,27.16000000
2017-11-11 05:49:00.000000,0.00432000,0.00432000,0.00432000,0.00432000,877.64000000
2017-11-11 05:50:00.000000,0.00432000,0.00432300,0.00431900,0.00432300,1201.04000000
2017-11-11 05:51:00.000000,0.00432000,0.00433000,0.00432000,0.00432200,1910.81000000
2017-11-11 05:52:00.000000,0.00432200,0.00432200,0.00432200,0.00432200,955.11000000
2017-11-11 05:53:00.000000,0.00432200,0.00432200,0.00432200,0.00432200,734.92000000
2017-11-11 05:54:00.000000,0.00432200,0.00436200,0.00431900,0.00431900,1111.42000000
2017-11-11 05:55:00.000000,0.00430900,0.00432900,0.00430900,0.00432900,34.28000000
2017-11-11 05:56:00.000000,0.00432900,0.00433900,0.00430900,0.00430900,104.10000000
2017-11-11 05:57:00.000000,0.00430900,0.00431200,0.00430900,0.00430900,85.00000000
2017-11-11 05:58:00.000000,0.00430900,0.00430900,0.00430900,0.00430900,89.47000000
2017-11-11 05:59:00.000000,0.00430900,0.00430900,0.00430900,0.00430900,30.89000000
2017-11-11 06:00:00.000000,0.00430900,0.00431200,0.00430900,0.00431000,34.31000000
2017-11-11 06:01:00.000000,0.00431100,0.00431400,0.00431100,0.00431400,22.30000000
2017-11-11 06:02:00.000000,0.00431500,0.00432900,0.00431400,0.00432900,39.12000000
2017-11-11 06:03:00.000000,0.00431700,0.00431700,0.00431700,0.00431700,36.04000000
2017-11-11 06:04:00.000000,0.00431700,0.00431700,0.00431700,0.00431700,156.29000000
2017-11-11 06:05:00.000000,0.00431700,0.00433800,0.00431700,0.00433300,264.91000000
2017-11-11 06:06:00.000000,0.00433300,0.00433800,0.00431200,0.00431200,53.94000000
2017-11-11 06:07:00.000000,0.00431200,0.00431200,0.00431200,0.00431200,19.37000000
2017-11-11 06:08:00.000000,0.00431300,0.00431500,0.00431200,0.00431500,59.71000000
2017-11-11 06:09:00.000000,0.00431500,0.00433100,0.00431500,0.00432000,22.65000000
2017-11-11 06:10:00.000000,0.00432100,0.00432100,0.00432100,0.00432100,3.47000000
2017-11-11 06:11:00.000000,0.00432700,0.00433200,0.00432700,0.00433100,23.34000000
2017-11-11 06:12:00.000000,0.00433200,0.00433200,0.00432700,0.00432900,200.55000000
2017-11-11 06:13:00.000000,0.00432600,0.00433200,0.00432000,0.00432000,377.22000000
2017-11-11 06:14:00.000000,0.00432100,0.00432100,0.00432000,0.00432000,114.28000000
2017-11-11 06:15:00.000000,0.00433100,0.00433100,0.00431900,0.00431900,264.38000000
2017-11-11 06:16:00.000000,0.00431900,0.00431900,0.00431300,0.00431400,25.53000000
2017-11-11 06:17:00.000000,0.00433100,0.00433100,0.00431500,0.00431500,16.63000000
2017-11-11 06:18:00.000000,0.00431500,0.00433000,0.00431300,0.00431800,29.56000000
2017-11-11 06:19:00.000000,0.00431900,0.00433000,0.00431800,0.00432900,23.20000000
2017-11-11 06:20:00.000000,0.00432100,0.00432900,0.00431800,0.00431800,290.43000000
2017-11-11 06:21:00.000000,0.00431800,0.00432900,0.00431800,0.00432000,1166.12000000
2017-11-11 06:22:00.000000,0.00432100,0.00433000,0.00431700,0.00433000,244.93000000
2017-11-11 06:23:00.000000,0.00434400,0.00434400,0.00432400,0.00432400,426.39000000
2017-11-11 06:24:00.000000,0.00432400,0.00433000,0.00432400,0.00432400,137.71000000
2017-11-11 06:25:00.000000,0.00432500,0.00433000,0.00432400,0.00433000,117.87000000
2017-11-11 06:26:00.000000,0.00432400,0.00432400,0.00432400,0.00432400,150.37000000
2017-11-11 06:27:00.000000,0.00432400,0.00433000,0.00432400,0.00432500,289.90000000
2017-11-11 06:28:00.000000,0.00432900,0.00433000,0.00432400,0.00433000,51.05000000
2017-11-11 06:29:00.000000,0.00432900,0.00434600,0.00432900,0.00434600,83.39000000
2017-11-11 06:30:00.000000,0.00434600,0.00434600,0.00433000,0.00433000,36.06000000
2017-11-11 06:31:00.000000,0.00433000,0.00433200,0.00432900,0.00433200,47.61000000
2017-11-11 06:32:00.000000,0.00434300,0.00434300,0.00432900,0.00434100,52.84000000
2017-11-11 06:33:00.000000,0.00433000,0.00434200,0.00433000,0.00434200,43.94000000
2017-11-11 06:34:00.000000,0.00433200,0.00435000,0.00433100,0.00433600,250.79000000
2017-11-11 06:35:00.000000,0.00433200,0.00433500,0.00433100,0.00433300,320.24000000
2017-11-11 06:36:00.000000,0.00433300,0.00434900,0.00433200,0.00434900,675.92000000
2017-11-11 06:37:00.000000,0.00435000,0.00437000,0.00434800,0.00436300,258.72000000
2017-11-11 06:38:00.000000,0.00436300,0.00437100,0.00436200,0.00436200,725.26000000
2017-11-11 06:39:00.000000,0.00436200,0.00436200,0.00434500,0.00434600,634.31000000
2017-11-11 06:40:00.000000,0.00434200,0.00435800,0.00434200,0.00434400,83.45000000
2017-11-11 06:41:00.000000,0.00434400,0.00437200,0.00434400,0.00436000,74.11000000
2017-11-11 06:42:00.000000,0.00434900,0.00436400,0.00434900,0.00436400,72.02000000
2017-11-11 06:43:00.000000,0.00436500,0.00436700,0.00436400,0.00436700,121.12000000
2017-11-11 06:44:00.000000,0.00436500,0.00436500,0.00434400,0.00434500,299.27000000
2017-11-11 06:45:00.000000,0.00434400,0.00434400,0.00434400,0.00434400,147.70000000
2017-11-11 06:46:00.000000,0.00435100,0.00435100,0.00434400,0.00434400,45.42000000
2017-11-11 06:47:00.000000,0.00434400,0.00434400,0.00434400,0.00434400,47.11000000
2017-11-11 06:48:00.000000,0.00436100,0.00436200,0.00434500,0.00436200,65.53000000
2017-11-11 06:49:00.000000,0.00436000,0.00436300,0.00436000,0.00436200,281.41000000
2017-11-11 06:50:00.000000,0.00434500,0.00434700,0.00434500,0.00434700,12.81000000
2017-11-11 06:51:00.000000,0.00434500,0.00434500,0.00434500,0.00434500,18.44000000
2017-11-11 06:52:00.000000,0.00434500,0.00437200,0.00434500,0.00435800,200.00000000
2017-11-11 06:53:00.000000,0.00435900,0.00435900,0.00435900,0.00435900,385.30000000
2017-11-11 06:54:00.000000,0.00435900,0.00436000,0.00435700,0.00435700,127.72000000
2017-11-11 06:55:00.000000,0.00434800,0.00434800,0.00434500,0.00434500,30.21000000
2017-11-11 06:56:00.000000,0.00434700,0.00434700,0.00434500,0.00434600,31.65000000
2017-11-11 06:57:00.000000,0.00434900,0.00434900,0.00434400,0.00434900,809.63000000
2017-11-11 06:58:00.000000,0.00434900,0.00435000,0.00434900,0.00435000,155.55000000
2017-11-11 06:59:00.000000,0.00434900,0.00435000,0.00434400,0.00434500,95.30000000
2017-11-11 07:00:00.000000,0.00434500,0.00434500,0.00434400,0.00434400,49.65000000
2017-11-11 07:01:00.000000,0.00434400,0.00434400,0.00434300,0.00434300,62.86000000
2017-11-11 07:02:00.000000,0.00434300,0.00434800,0.00434300,0.00434800,37.63000000
2017-11-11 07:03:00.000000,0.00434800,0.00434900,0.00434800,0.00434800,30.99000000
2017-11-11 07:04:00.000000,0.00434900,0.00437300,0.00434900,0.00437300,81.63000000
2017-11-11 07:05:00.000000,0.00437300,0.00437500,0.00435800,0.00436500,596.70000000
2017-11-11 07:06:00.000000,0.00435200,0.00438300,0.00435200,0.00438300,1050.42000000
2017-11-11 07:07:00.000000,0.00438900,0.00439700,0.00438900,0.00439700,799.15000000
2017-11-11 07:08:00.000000,0.00439700,0.00442300,0.00439700,0.00442300,854.52000000
2017-11-11 07:09:00.000000,0.00439800,0.00442000,0.00439800,0.00440300,34.12000000
2017-11-11 07:10:00.000000,0.00441800,0.00442600,0.00440500,0.00440500,604.62000000
2017-11-11 07:11:00.000000,0.00440500,0.00443000,0.00440500,0.00443000,137.93000000
2017-11-11 07:12:00.000000,0.00443700,0.00445000,0.00443700,0.00444100,519.16000000
2017-11-11 07:13:00.000000,0.00444100,0.00446000,0.00444100,0.00444600,49.73000000
2017-11-11 07:14:00.000000,0.00444600,0.00446000,0.00444400,0.00444400,174.15000000
2017-11-11 07:15:00.000000,0.00445100,0.00446100,0.00445000,0.00445400,282.25000000
2017-11-11 07:16:00.000000,0.00445400,0.00445500,0.00445000,0.00445200,130.54000000
2017-11-11 07:17:00.000000,0.00445100,0.00445100,0.00445000,0.00445100,380.11000000
2017-11-11 07:18:00.000000,0.00445100,0.00446100,0.00445100,0.00446000,353.26000000
2017-11-11 07:19:00.000000,0.00446100,0.00446100,0.00445700,0.00445900,129.70000000
2017-11-11 07:20:00.000000,0.00445900,0.00446800,0.00445400,0.00445400,32.45000000
2017-11-11 07:21:00.000000,0.00446200,0.00446800,0.00445800,0.00446800,61.66000000
2017-11-11 07:22:00.000000,0.00445700,0.00446800,0.00444100,0.00444100,663.83000000
2017-11-11 07:23:00.000000,0.00445300,0.00445900,0.00443600,0.00444100,273.76000000
2017-11-11 07:24:00.000000,0.00444700,0.00446000,0.00444100,0.00446000,1158.24000000
2017-11-11 07:25:00.000000,0.00444800,0.00446000,0.00444800,0.00445900,97.81000000
2017-11-11 07:26:00.000000,0.00445000,0.00446100,0.00445000,0.00446100,124.54000000
2017-11-11 07:27:00.000000,0.00446100,0.00446100,0.00445100,0.00445300,43.93000000
2017-11-11 07:28:00.000000,0.00445200,0.00447500,0.00445200,0.00445400,394.06000000
2017-11-11 07:29:00.000000,0.00446900,0.00446900,0.00445700,0.00445700,13.48000000
2017-11-11 07:30:00.000000,0.00445600,0.00447300,0.00445600,0.00445600,76.75000000
2017-11-11 07:31:00.000000,0.00445500,0.00447400,0.00445500,0.00446000,166.61000000
2017-11-11 07:32:00.000000,0.00445700,0.00445700,0.00444700,0.00444800,414.23000000
2017-11-11 07:33:00.000000,0.00444900,0.00445000,0.00444800,0.00444800,34.52000000
2017-11-11 07:34:00.000000,0.00444800,0.00444800,0.00442700,0.00442700,368.95000000
2017-11-11 07:35:00.000000,0.00442600,0.00442600,0.00442500,0.00442600,54.80000000
2017-11-11 07:36:00.000000,0.00442500,0.00442500,0.00441100,0.00441200,224.78000000
2017-11-11 07:37:00.000000,0.00441600,0.00441700,0.00441200,0.00441600,181.09000000
2017-11-11 07:38:00.000000,0.00442300,0.00442500,0.00441600,0.00441600,18.70000000
2017-11-11 07:39:00.000000,0.00441500,0.00443000,0.00441500,0.00443000,91.49000000
2017-11-11 07:40:00.000000,0.00442900,0.00444100,0.00442900,0.00444100,119.37000000
2017-11-11 07:41:00.000000,0.00444100,0.00444100,0.00444100,0.00444100,10.00000000
2017-11-11 07:42:00.000000,0.00444100,0.00444100,0.00443900,0.00443900,42.08000000
2017-11-11 07:43:00.000000,0.00444400,0.00446800,0.00444400,0.00446800,187.51000000
2017-11-11 07:44:00.000000,0.00447000,0.00447900,0.00447000,0.00447900,401.27000000
2017-11-11 07:45:00.000000,0.00447700,0.00448200,0.00447700,0.00448200,306.28000000
2017-11-11 07:46:00.000000,0.00447300,0.00447300,0.00447300,0.00447300,18.42000000
2017-11-11 07:47:00.000000,0.00447800,0.00448000,0.00447400,0.00448000,98.32000000
2017-11-11 07:48:00.000000,0.00448000,0.00448900,0.00448000,0.00448900,231.50000000
2017-11-11 07:49:00.000000,0.00448200,0.00448800,0.00448100,0.00448100,24.71000000
2017-11-11 07:50:00.000000,0.00448000,0.00449000,0.00446500,0.00446500,139.93000000
2017-11-11 07:51:00.000000,0.00446400,0.00448200,0.00445600,0.00447100,97.86000000
2017-11-11 07:52:00.000000,0.00447000,0.00448000,0.00446800,0.00447900,70.26000000
2017-11-11 07:53:00.000000,0.00447500,0.00447500,0.00446800,0.00446900,260.72000000
2017-11-11 07:54:00.000000,0.00446900,0.00447500,0.00446900,0.00447000,122.58000000
2017-11-11 07:55:00.000000,0.00447000,0.00447400,0.00446800,0.00446800,85.97000000
2017-11-11 07:56:00.000000,0.00446900,0.00446900,0.00444900,0.00445000,156.92000000
2017-11-11 07:57:00.000000,0.00444200,0.00445300,0.00443400,0.00445000,244.13000000
2017-11-11 07:58:00.000000,0.00443600,0.00445000,0.00443600,0.00443700,147.31000000
2017-11-11 07:59:00.000000,0.00446300,0.00446300,0.00445000,0.00445000,57.78000000
2017-11-11 08:00:00.000000,0.00445000,0.00445300,0.00443600,0.00445300,110.63000000
2017-11-11 08:01:00.000000,0.00445100,0.00445900,0.00445100,0.00445900,70.72000000
2017-11-11 08:02:00.000000,0.00444600,0.00447100,0.00444600,0.00447100,14.30000000
2017-11-11 08:03:00.000000,0.00447300,0.00447500,0.00447100,0.00447400,135.02000000
2017-11-11 08:04:00.000000,0.00447700,0.00447700,0.00445000,0.00445000,240.81000000
2017-11-11 08:05:00.000000,0.00444600,0.00444600,0.00443600,0.00443600,179.65000000
2017-11-11 08:06:00.000000,0.00444400,0.00444500,0.00443900,0.00444400,97.35000000
2017-11-11 08:07:00.000000,0.00444400,0.00447800,0.00444400,0.00445400,260.30000000
2017-11-11 08:08:00.000000,0.00443800,0.00443800,0.00441300,0.00441300,181.41000000
2017-11-11 08:09:00.000000,0.00441900,0.00442200,0.00441800,0.00441900,137.85000000
2017-11-11 08:10:00.000000,0.00442200,0.00442800,0.00441300,0.00441400,243.31000000
2017-11-11 08:11:00.000000,0.00441500,0.00441700,0.00441500,0.00441500,511.62000000
2017-11-11 08:12:00.000000,0.00441600,0.00442700,0.00440500,0.00442700,651.00000000
2017-11-11 08:13:00.000000,0.00442600,0.00442700,0.00442500,0.00442700,208.38000000
2017-11-11 08:14:00.000000,0.00442700,0.00442700,0.00442700,0.00442700,33.08000000
2017-11-11 08:15:00.000000,0.00442700,0.00443000,0.00442700,0.00442900,221.97000000
2017-11-11 08:16:00.000000,0.00442900,0.00443900,0.00442800,0.00443900,233.96000000
2017-11-11 08:17:00.000000,0.00443100,0.00444400,0.00443100,0.00444300,118.86000000
2017-11-11 08:18:00.000000,0.00443300,0.00444500,0.00443300,0.00443500,91.83000000
2017-11-11 08:19:00.000000,0.00443500,0.00443600,0.00443500,0.00443600,16.24000000
2017-11-11 08:20:00.000000,0.00444600,0.00445300,0.00443500,0.00445300,93.33000000
2017-11-11 08:21:00.000000,0.00443800,0.00445200,0.00443800,0.00443800,42.23000000
2017-11-11 08:22:00.000000,0.00443800,0.00445200,0.00443800,0.00445100,56.77000000
2017-11-11 08:23:00.000000,0.00445000,0.00445300,0.00443800,0.00444500,287.86000000
2017-11-11 08:24:00.000000,0.00445000,0.00445300,0.00444100,0.00444100,336.54000000
2017-11-11 08:25:00.000000,0.00443900,0.00445300,0.00443900,0.00444400,176.03000000
2017-11-11 08:26:00.000000,0.00444300,0.00445400,0.00443800,0.00443800,467.16000000
2017-11-11 08:27:00.000000,0.00443800,0.00443800,0.00443800,0.00443800,146.22000000
2017-11-11 08:28:00.000000,0.00444900,0.00445000,0.00444900,0.00445000,137.33000000
2017-11-11 08:29:00.000000,0.00445400,0.00445400,0.00443800,0.00443800,273.04000000
2017-11-11 08:30:00.000000,0.00444100,0.00444800,0.00444100,0.00444800,117.27000000
2017-11-11 08:31:00.000000,0.00444800,0.00444900,0.00444600,0.00444700,86.39000000
2017-11-11 08:32:00.000000,0.00444600,0.00447400,0.00444600,0.00447400,479.41000000
2017-11-11 08:33:00.000000,0.00445800,0.00447800,0.00445800,0.00447500,50.16000000
2017-11-11 08:34:00.000000,0.00447500,0.00447500,0.00445000,0.00445000,201.98000000
2017-11-11 08:35:00.000000,0.00445000,0.00445000,0.00445000,0.00445000,0.00000000
2017-11-11 08:36:00.000000,0.00446600,0.00446600,0.00446200,0.00446300,226.87000000
2017-11-11 08:37:00.000000,0.00445200,0.00446500,0.00445200,0.00446500,41.52000000
2017-11-11 08:38:00.000000,0.00446300,0.00446500,0.00444400,0.00446500,25.25000000
2017-11-11 08:39:00.000000,0.00445500,0.00446500,0.00445400,0.00446100,61.71000000
2017-11-11 08:40:00.000000,0.00446100,0.00446100,0.00446000,0.00446100,94.50000000
2017-11-11 08:41:00.000000,0.00446000,0.00446000,0.00445600,0.00445600,22.72000000
2017-11-11 08:42:00.000000,0.00445600,0.00445600,0.00445500,0.00445500,50.23000000
2017-11-11 08:43:00.000000,0.00445600,0.00446500,0.00445500,0.00445600,83.32000000
2017-11-11 08:44:00.000000,0.00445600,0.00446500,0.00445600,0.00446500,36.53000000
2017-11-11 08:45:00.000000,0.00445600,0.00445600,0.00445600,0.00445600,205.21000000
2017-11-11 08:46:00.000000,0.00445700,0.00445800,0.00445500,0.00445600,1002.95000000
2017-11-11 08:47:00.000000,0.00446500,0.00446500,0.00445600,0.00445600,254.50000000
2017-11-11 08:48:00.000000,0.00445600,0.00445600,0.00445600,0.00445600,21.89000000
2017-11-11 08:49:00.000000,0.00445600,0.00445600,0.00445100,0.00445100,34.33000000
2017-11-11 08:50:00.000000,0.00444500,0.00445300,0.00444500,0.00444500,15.62000000
2017-11-11 08:51:00.000000,0.00444500,0.00444500,0.00444500,0.00444500,17.01000000
2017-11-11 08:52:00.000000,0.00445000,0.00445000,0.00444400,0.00444500,43.74000000
2017-11-11 08:53:00.000000,0.00444900,0.00444900,0.00443300,0.00443300,89.37000000
2017-11-11 08:54:00.000000,0.00443300,0.00443700,0.00443300,0.00443400,43.30000000
2017-11-11 08:55:00.000000,0.00443400,0.00443400,0.00443300,0.00443300,134.46000000
2017-11-11 08:56:00.000000,0.00443300,0.00443300,0.00442500,0.00443300,379.49000000
2017-11-11 08:57:00.000000,0.00443300,0.00443300,0.00442600,0.00443200,172.96000000
2017-11-11 08:58:00.000000,0.00442600,0.00443200,0.00442600,0.00443200,58.19000000
2017-11-11 08:59:00.000000,0.00442600,0.00443300,0.00442600,0.00442600,83.10000000
2017-11-11 09:00:00.000000,0.00442500,0.00443200,0.00442500,0.00443200,44.00000000
2017-11-11 09:01:00.000000,0.00442500,0.00443200,0.00442500,0.00442600,616.10000000
2017-11-11 09:02:00.000000,0.00442600,0.00442900,0.00442600,0.00442900,922.58000000
2017-11-11 09:03:00.000000,0.00442600,0.00443300,0.00442500,0.00442600,639.02000000
2017-11-11 09:04:00.000000,0.00443300,0.00443300,0.00442500,0.00442500,30.12000000
2017-11-11 09:05:00.000000,0.00442500,0.00442500,0.00442200,0.00442200,105.50000000
2017-11-11 09:06:00.000000,0.00442200,0.00442200,0.00441900,0.00441900,89.92000000
2017-11-11 09:07:00.000000,0.00441900,0.00441900,0.00441400,0.00441400,502.25000000
2017-11-11 09:08:00.000000,0.00440600,0.00441400,0.00440000,0.00441400,699.10000000
2017-11-11 09:09:00.000000,0.00441400,0.00441400,0.00440000,0.00440800,1541.62000000
2017-11-11 09:10:00.000000,0.00440700,0.00441400,0.00440000,0.00441400,502.99000000
2017-11-11 09:11:00.000000,0.00441400,0.00441400,0.00440700,0.00440700,356.47000000
2017-11-11 09:12:00.000000,0.00440400,0.00441400,0.00440300,0.00441400,362.66000000
2017-11-11 09:13:00.000000,0.00440700,0.00441300,0.00440700,0.00441300,529.70000000
2017-11-11 09:14:00.000000,0.00441300,0.00441300,0.00439900,0.00439900,703.26000000
2017-11-11 09:15:00.000000,0.00439900,0.00440600,0.00439900,0.00440100,309.57000000
2017-11-11 09:16:00.000000,0.00439500,0.00439900,0.00439200,0.00439300,354.50000000
2017-11-11 09:17:00.000000,0.00439900,0.00440300,0.00439200,0.00440300,334.49000000
2017-11-11 09:18:00.000000,0.00440300,0.00440300,0.00440300,0.00440300,314.20000000
2017-11-11 09:19:00.000000,0.00440300,0.00440400,0.00440300,0.00440400,294.04000000
2017-11-11 09:20:00.000000,0.00441100,0.00441300,0.00441000,0.00441000,343.86000000
2017-11-11 09:21:00.000000,0.00441000,0.00441000,0.00439200,0.00439200,314.17000000
2017-11-11 09:22:00.000000,0.00441000,0.00441000,0.00441000,0.00441000,390.16000000
2017-11-11 09:23:00.000000,0.00441000,0.00441000,0.00440900,0.00440900,620.05000000
2017-11-11 09:24:00.000000,0.00440900,0.00440900,0.00440800,0.00440800,712.46000000
2017-11-11 09:25:00.000000,0.00440600,0.00440900,0.00440600,0.00440800,797.16000000
2017-11-11 09:26:00.000000,0.00440500,0.00440500,0.00439600,0.00440400,818.19000000
2017-11-11 09:27:00.000000,0.00440100,0.00440100,0.00439800,0.00439800,353.99000000
2017-11-11 09:28:00.000000,0.00439700,0.00439900,0.00439300,0.00439400,591.40000000
2017-11-11 09:29:00.000000,0.00439400,0.00439400,0.00439400,0.00439400,1190.41000000
2017-11-11 09:30:00.000000,0.00439400,0.00439400,0.00439300,0.00439400,1268.24000000
2017-11-11 09:31:00.000000,0.00439400,0.00439400,0.00439300,0.00439400,1516.53000000
2017-11-11 09:32:00.000000,0.00439500,0.00439900,0.00439300,0.00439300,326.61000000
2017-11-11 09:33:00.000000,0.00439900,0.00439900,0.00439600,0.00439900,183.84000000
2017-11-11 09:34:00.000000,0.00439600,0.00439700,0.00439600,0.00439700,580.85000000
2017-11-11 09:35:00.000000,0.00439900,0.00439900,0.00439700,0.00439900,484.88000000
2017-11-11 09:36:00.000000,0.00439800,0.00439900,0.00439800,0.00439800,715.55000000
2017-11-11 09:37:00.000000,0.00439800,0.00440000,0.00439300,0.00439300,1103.78000000
2017-11-11 09:38:00.000000,0.00439300,0.00439700,0.00439300,0.00439600,542.39000000
2017-11-11 09:39:00.000000,0.00439600,0.00439600,0.00439400,0.00439400,590.89000000
2017-11-11 09:40:00.000000,0.00439400,0.00440300,0.00439300,0.00439900,926.57000000
2017-11-11 09:41:00.000000,0.00440000,0.00440000,0.00438800,0.00440000,887.02000000
2017-11-11 09:42:00.000000,0.00440000,0.00440000,0.00439200,0.00439300,410.22000000
2017-11-11 09:43:00.000000,0.00439300,0.00439300,0.00439300,0.00439300,322.91000000
2017-11-11 09:44:00.000000,0.00439300,0.00440000,0.00439300,0.00440000,44.21000000
2017-11-11 09:45:00.000000,0.00439500,0.00440300,0.00439500,0.00440200,379.20000000
2017-11-11 09:46:00.000000,0.00440200,0.00440200,0.00439500,0.00440100,662.44000000
2017-11-11 09:47:00.000000,0.00440100,0.00440100,0.00439500,0.00440100,1035.03000000
2017-11-11 09:48:00.000000,0.00439700,0.00440300,0.00439600,0.00440200,514.77000000
2017-11-11 09:49:00.000000,0.00440100,0.00440400,0.00440100,0.00440400,599.30000000
2017-11-11 09:50:00.000000,0.00440400,0.00440400,0.00440200,0.00440400,758.07000000
2017-11-11 09:51:00.000000,0.00440200,0.00440200,0.00440100,0.00440100,184.46000000
2017-11-11 09:52:00.000000,0.00440100,0.00440100,0.00440100,0.00440100,0.00000000
2017-11-11 09:53:00.000000,0.00439500,0.00439500,0.00439400,0.00439400,233.66000000
2017-11-11 09:54:00.000000,0.00439400,0.00439400,0.00435000,0.00435000,1724.41000000
2017-11-11 09:55:00.000000,0.00436800,0.00436800,0.00436800,0.00436800,96.51000000
2017-11-11 09:56:00.000000,0.00436100,0.00436100,0.00435600,0.00435600,95.72000000
2017-11-11 09:57:00.000000,0.00435600,0.00435700,0.00435400,0.00435400,191.78000000
2017-11-11 09:58:00.000000,0.00435500,0.00435700,0.00435500,0.00435700,333.09000000
2017-11-11 09:59:00.000000,0.00435700,0.00436900,0.00435600,0.00436900,290.55000000
2017-11-11 10:00:00.000000,0.00436000,0.00437000,0.00435000,0.00437000,173.93000000
2017-11-11 10:01:00.000000,0.00437000,0.00437000,0.00437000,0.00437000,24.93000000
2017-11-11 10:02:00.000000,0.00437000,0.00437000,0.00436100,0.00437000,132.32000000
2017-11-11 10:03:00.000000,0.00437100,0.00437200,0.00437100,0.00437200,84.80000000
2017-11-11 10:04:00.000000,0.00437200,0.00438500,0.00437200,0.00437400,140.27000000
2017-11-11 10:05:00.000000,0.00438500,0.00438500,0.00438500,0.00438500,21.08000000
2017-11-11 10:06:00.000000,0.00437500,0.00437600,0.00437500,0.00437600,72.25000000
2017-11-11 10:07:00.000000,0.00437400,0.00437500,0.00437100,0.00437100,137.11000000
2017-11-11 10:08:00.000000,0.00436300,0.00436300,0.00436300,0.00436300,207.08000000
2017-11-11 10:09:00.000000,0.00436400,0.00438200,0.00435000,0.00438200,67.64000000
2017-11-11 10:10:00.000000,0.00437500,0.00437900,0.00437500,0.00437900,160.05000000
2017-11-11 10:11:00.000000,0.00437900,0.00438200,0.00437900,0.00438200,612.55000000
2017-11-11 10:12:00.000000,0.00438300,0.00438700,0.00438300,0.00438700,671.92000000
2017-11-11 10:13:00.000000,0.00438700,0.00439200,0.00438700,0.00439200,553.70000000
2017-11-11 10:14:00.000000,0.00439200,0.00439400,0.00437900,0.00437900,428.67000000
2017-11-11 10:15:00.000000,0.00437600,0.00437900,0.00437600,0.00437900,710.63000000
2017-11-11 10:16:00.000000,0.00437700,0.00438100,0.00437700,0.00438100,93.32000000
2017-11-11 10:17:00.000000,0.00437800,0.00439100,0.00437800,0.00438100,106.96000000
2017-11-11 10:18:00.000000,0.00438100,0.00439000,0.00438100,0.00439000,54.30000000
2017-11-11 10:19:00.000000,0.00438200,0.00438500,0.00438200,0.00438200,113.79000000
2017-11-11 10:20:00.000000,0.00439800,0.00440000,0.00439800,0.00440000,5.47000000
2017-11-11 10:21:00.000000,0.00438300,0.00438300,0.00438300,0.00438300,10.51000000
2017-11-11 10:22:00.000000,0.00438300,0.00438600,0.00438300,0.00438600,58.98000000
2017-11-11 10:23:00.000000,0.00438600,0.00438600,0.00438600,0.00438600,13.22000000
2017-11-11 10:24:00.000000,0.00438800,0.00440000,0.00438800,0.00438800,98.50000000
2017-11-11 10:25:00.000000,0.00438800,0.00439100,0.00438800,0.00439100,177.95000000
2017-11-11 10:26:00.000000,0.00440000,0.00440000,0.00439100,0.00439300,137.28000000
2017-11-11 10:27:00.000000,0.00439400,0.00440300,0.00439400,0.00440300,64.67000000
2017-11-11 10:28:00.000000,0.00440300,0.00440300,0.00440200,0.00440200,36.98000000
2017-11-11 10:29:00.000000,0.00440100,0.00440400,0.00440100,0.00440400,91.05000000
2017-11-11 10:30:00.000000,0.00440100,0.00440300,0.00440000,0.00440200,146.51000000
2017-11-11 10:31:00.000000,0.00440200,0.00440200,0.00440100,0.00440100,146.17000000
2017-11-11 10:32:00.000000,0.00440100,0.00440100,0.00440100,0.00440100,255.12000000
2017-11-11 10:33:00.000000,0.00440100,0.00440100,0.00440000,0.00440000,159.78000000
2017-11-11 10:34:00.000000,0.00438600,0.00438700,0.00438600,0.00438700,204.66000000
2017-11-11 10:35:00.000000,0.00438700,0.00440000,0.00437500,0.00437500,374.13000000
2017-11-11 10:36:00.000000,0.00439900,0.00440000,0.00439900,0.00440000,117.47000000
2017-11-11 10:37:00.000000,0.00439800,0.00439800,0.00438100,0.00438100,125.62000000
2017-11-11 10:38:00.000000,0.00438100,0.00438100,0.00438100,0.00438100,0.00000000
2017-11-11 10:39:00.000000,0.00438200,0.00438400,0.00438200,0.00438400,530.74000000
2017-11-11 10:40:00.000000,0.00437800,0.00439700,0.00436200,0.00439700,495.29000000
2017-11-11 10:41:00.000000,0.00438700,0.00439700,0.00438700,0.00439700,84.01000000
2017-11-11 10:42:00.000000,0.00438800,0.00439800,0.00438800,0.00438800,362.59000000
2017-11-11 10:43:00.000000,0.00438800,0.00439800,0.00438800,0.00438800,375.05000000
2017-11-11 10:44:00.000000,0.00438800,0.00438900,0.00438800,0.00438800,296.41000000
2017-11-11 10:45:00.000000,0.00438900,0.00439000,0.00438900,0.00439000,544.99000000
2017-11-11 10:46:00.000000,0.00439000,0.00439200,0.00439000,0.00439200,224.92000000
2017-11-11 10:47:00.000000,0.00439900,0.00439900,0.00439100,0.00439900,532.20000000
2017-11-11 10:48:00.000000,0.00439700,0.00440000,0.00439700,0.00439900,478.25000000
2017-11-11 10:49:00.000000,0.00440000,0.00440000,0.00439700,0.00439800,562.33000000
2017-11-11 10:50:00.000000,0.00440000,0.00441500,0.00439900,0.00440100,678.34000000
2017-11-11 10:51:00.000000,0.00440300,0.00440300,0.00440000,0.00440200,250.81000000
2017-11-11 10:52:00.000000,0.00440300,0.00440500,0.00440200,0.00440400,208.05000000
2017-11-11 10:53:00.000000,0.00440200,0.00441700,0.00438700,0.00438700,112.35000000
2017-11-11 10:54:00.000000,0.00440000,0.00440000,0.00438700,0.00438900,108.49000000
2017-11-11 10:55:00.000000,0.00440300,0.00440300,0.00440100,0.00440300,72.36000000
2017-11-11 10:56:00.000000,0.00440400,0.00440800,0.00440400,0.00440800,114.21000000
2017-11-11 10:57:00.000000,0.00440500,0.00441600,0.00440300,0.00441100,111.35000000
2017-11-11 10:58:00.000000,0.00441600,0.00442500,0.00440400,0.00440700,247.30000000
2017-11-11 10:59:00.000000,0.00440600,0.00440700,0.00440600,0.00440700,143.43000000
2017-11-11 11:00:00.000000,0.00440600,0.00440700,0.00440600,0.00440700,129.93000000
2017-11-11 11:01:00.000000,0.00440700,0.00442200,0.00440700,0.00440900,21.00000000
2017-11-11 11:02:00.000000,0.00440900,0.00442600,0.00440700,0.00440800,330.70000000
2017-11-11 11:03:00.000000,0.00440800,0.00442000,0.00440800,0.00441900,639.12000000
2017-11-11 11:04:00.000000,0.00442000,0.00443000,0.00441200,0.00441200,356.70000000
2017-11-11 11:05:00.000000,0.00441700,0.00441700,0.00441700,0.00441700,113.22000000
2017-11-11 11:06:00.000000,0.00441700,0.00441700,0.00441700,0.00441700,36.17000000
2017-11-11 11:07:00.000000,0.00442600,0.00442600,0.00441600,0.00441600,40.42000000
2017-11-11 11:08:00.000000,0.00441700,0.00441700,0.00441700,0.00441700,16.62000000
2017-11-11 11:09:00.000000,0.00441700,0.00441800,0.00441700,0.00441800,26.76000000
2017-11-11 11:10:00.000000,0.00441700,0.00442300,0.00441300,0.00441400,113.38000000
2017-11-11 11:11:00.000000,0.00441400,0.00441400,0.00441400,0.00441400,88.53000000
2017-11-11 11:12:00.000000,0.00441500,0.00441500,0.00441500,0.00441500,269.58000000
2017-11-11 11:13:00.000000,0.00441500,0.00441500,0.00440600,0.00440600,1015.41000000
2017-11-11 11:14:00.000000,0.00442300,0.00442500,0.00441400,0.00441400,213.08000000
2017-11-11 11:15:00.000000,0.00441600,0.00441700,0.00441600,0.00441700,243.19000000
2017-11-11 11:16:00.000000,0.00441700,0.00441900,0.00441600,0.00441900,598.98000000
2017-11-11 11:17:00.000000,0.00441900,0.00443000,0.00441900,0.00441900,557.19000000
2017-11-11 11:18:00.000000,0.00442700,0.00443000,0.00441900,0.00442100,364.29000000
2017-11-11 11:19:00.000000,0.00442000,0.00444800,0.00442000,0.00443000,216.13000000
2017-11-11 11:20:00.000000,0.00443000,0.00443000,0.00443000,0.00443000,45.39000000
2017-11-11 11:21:00.000000,0.00443200,0.00444700,0.00442900,0.00443000,98.03000000
2017-11-11 11:22:00.000000,0.00444400,0.00444600,0.00443100,0.00443100,23.57000000
2017-11-11 11:23:00.000000,0.00443200,0.00444600,0.00443200,0.00443300,175.51000000
2017-11-11 11:24:00.000000,0.00443300,0.00444600,0.00443100,0.00443100,285.03000000
2017-11-11 11:25:00.000000,0.00443100,0.00443200,0.00442500,0.00442700,241.35000000
2017-11-11 11:26:00.000000,0.00443100,0.00443200,0.00442500,0.00443200,149.25000000
2017-11-11 11:27:00.000000,0.00443100,0.00443100,0.00442900,0.00442900,45.50000000
2017-11-11 11:28:00.000000,0.00442900,0.00443100,0.00442500,0.00443100,355.86000000
2017-11-11 11:29:00.000000,0.00443000,0.00443000,0.00442100,0.00442100,343.84000000
2017-11-11 11:30:00.000000,0.00441900,0.00442200,0.00441900,0.00441900,242.21000000
2017-11-11 11:31:00.000000,0.00441800,0.00442100,0.00441800,0.00442100,306.29000000
2017-11-11 11:32:00.000000,0.00441900,0.00442400,0.00441900,0.00442400,353.97000000
2017-11-11 11:33:00.000000,0.00442400,0.00442400,0.00442300,0.00442300,39.12000000
2017-11-11 11:34:00.000000,0.00442300,0.00442400,0.00441800,0.00441900,227.66000000
2017-11-11 11:35:00.000000,0.00441800,0.00441800,0.00441700,0.00441800,531.39000000
2017-11-11 11:36:00.000000,0.00442100,0.00442200,0.00441700,0.00442200,452.20000000
2017-11-11 11:37:00.000000,0.00441600,0.00441900,0.00440600,0.00441300,1116.23000000
2017-11-11 11:38:00.000000,0.00441100,0.00442000,0.00441100,0.00441900,251.58000000
2017-11-11 11:39:00.000000,0.00440700,0.00441900,0.00440700,0.00441900,40.32000000
2017-11-11 11:40:00.000000,0.00440900,0.00442100,0.00440800,0.00442100,129.98000000
2017-11-11 11:41:00.000000,0.00442100,0.00442100,0.00440800,0.00440800,221.93000000
2017-11-11 11:42:00.000000,0.00440800,0.00440900,0.00440700,0.00440800,234.06000000
2017-11-11 11:43:00.000000,0.00440800,0.00441700,0.00440700,0.00441700,421.51000000
2017-11-11 11:44:00.000000,0.00441100,0.00441100,0.00440700,0.00440700,408.12000000
2017-11-11 11:45:00.000000,0.00440800,0.00441100,0.00440800,0.00441000,283.57000000
2017-11-11 11:46:00.000000,0.00441000,0.00441000,0.00440800,0.00441000,543.46000000
2017-11-11 11:47:00.000000,0.00441000,0.00441000,0.00441000,0.00441000,203.43000000
2017-11-11 11:48:00.000000,0.00441000,0.00441100,0.00440700,0.00441100,649.36000000
2017-11-11 11:49:00.000000,0.00441900,0.00441900,0.00441100,0.00441200,716.66000000
2017-11-11 11:50:00.000000,0.00441200,0.00441200,0.00440600,0.00441200,852.70000000
2017-11-11 11:51:00.000000,0.00440600,0.00441200,0.00440600,0.00441000,967.33000000
2017-11-11 11:52:00.000000,0.00441100,0.00441100,0.00440600,0.00440600,848.21000000
2017-11-11 11:53:00.000000,0.00440600,0.00441200,0.00440600,0.00440600,818.34000000
2017-11-11 11:54:00.000000,0.00440600,0.00441300,0.00440600,0.00441100,626.80000000
2017-11-11 11:55:00.000000,0.00441100,0.00441200,0.00440600,0.00440800,207.46000000
2017-11-11 11:56:00.000000,0.00440700,0.00440700,0.00440100,0.00440100,859.09000000
2017-11-11 11:57:00.000000,0.00440100,0.00440100,0.00440000,0.00440000,1979.91000000
2017-11-11 11:58:00.000000,0.00440000,0.00440000,0.00439200,0.00439200,894.90000000
2017-11-11 11:59:00.000000,0.00438900,0.00438900,0.00437100,0.00438000,863.73000000
2017-11-11 12:00:00.000000,0.00438000,0.00438000,0.00437300,0.00438000,245.31000000
2017-11-11 12:01:00.000000,0.00437200,0.00438100,0.00437100,0.00437800,198.88000000
2017-11-11 12:02:00.000000,0.00438000,0.00438000,0.00437900,0.00437900,57.95000000
2017-11-11 12:03:00.000000,0.00437800,0.00437900,0.00435200,0.00436600,358.36000000
2017-11-11 12:04:00.000000,0.00436600,0.00436600,0.00435700,0.00436000,121.13000000
2017-11-11 12:05:00.000000,0.00435800,0.00436600,0.00432500,0.00433800,1647.75000000
2017-11-11 12:06:00.000000,0.00433700,0.00436000,0.00433100,0.00436000,111.67000000
2017-11-11 12:07:00.000000,0.00436600,0.00439000,0.00436600,0.00438900,97.77000000
2017-11-11 12:08:00.000000,0.00439000,0.00439100,0.00438500,0.00438500,63.66000000
2017-11-11 12:09:00.000000,0.00438600,0.00438600,0.00435300,0.00437100,157.12000000
2017-11-11 12:10:00.000000,0.00436400,0.00436400,0.00435100,0.00435500,76.12000000
2017-11-11 12:11:00.000000,0.00435300,0.00436700,0.00435300,0.00436700,277.23000000
2017-11-11 12:12:00.000000,0.00436800,0.00436900,0.00436800,0.00436800,247.41000000
2017-11-11 12:13:00.000000,0.00436900,0.00436900,0.00436800,0.00436800,46.80000000
2017-11-11 12:14:00.000000,0.00436800,0.00437000,0.00436800,0.00437000,43.32000000
2017-11-11 12:15:00.000000,0.00437000,0.00437700,0.00437000,0.00437600,195.04000000
2017-11-11 12:16:00.000000,0.00437600,0.00438400,0.00437600,0.00438400,515.57000000
2017-11-11 12:17:00.000000,0.00438400,0.00440100,0.00438400,0.00439600,204.22000000
2017-11-11 12:18:00.000000,0.00439700,0.00440300,0.00439700,0.00440300,163.03000000
2017-11-11 12:19:00.000000,0.00440300,0.00440300,0.00440200,0.00440200,37.78000000
2017-11-11 12:20:00.000000,0.00440300,0.00440300,0.00440000,0.00440100,145.91000000
2017-11-11 12:21:00.000000,0.00440100,0.00440200,0.00440000,0.00440000,378.43000000
2017-11-11 12:22:00.000000,0.00440100,0.00441300,0.00440100,0.00440200,658.35000000
2017-11-11 12:23:00.000000,0.00441100,0.00441200,0.00440200,0.00440300,146.95000000
2017-11-11 12:24:00.000000,0.00440300,0.00441100,0.00440100,0.00440200,596.08000000
2017-11-11 12:25:00.000000,0.00440300,0.00440800,0.00438900,0.00439000,1332.88000000
2017-11-11 12:26:00.000000,0.00439000,0.00439000,0.00435500,0.00435600,154.43000000
2017-11-11 12:27:00.000000,0.00436200,0.00436200,0.00435700,0.00436100,60.20000000
2017-11-11 12:28:00.000000,0.00436200,0.00436200,0.00435700,0.00436100,139.49000000
2017-11-11 12:29:00.000000,0.00435200,0.00436100,0.00434800,0.00435600,206.97000000
2017-11-11 12:30:00.000000,0.00435500,0.00436100,0.00434600,0.00434600,24.79000000
2017-11-11 12:31:00.000000,0.00434200,0.00436000,0.00434200,0.00435900,53.68000000
2017-11-11 12:32:00.000000,0.00435900,0.00435900,0.00434500,0.00434500,156.18000000
2017-11-11 12:33:00.000000,0.00434700,0.00435900,0.00434600,0.00435900,147.16000000
2017-11-11 12:34:00.000000,0.00435900,0.00437200,0.00435900,0.00437200,202.18000000
2017-11-11 12:35:00.000000,0.00436100,0.00437600,0.00436100,0.00437400,280.31000000
2017-11-11 12:36:00.000000,0.00435500,0.00435500,0.00435000,0.00435000,5.35000000
2017-11-11 12:37:00.000000,0.00435300,0.00435300,0.00434700,0.00435000,153.02000000
2017-11-11 12:38:00.000000,0.00435000,0.00435100,0.00434800,0.00435100,337.06000000
2017-11-11 12:39:00.000000,0.00434800,0.00435200,0.00434800,0.00434900,250.15000000
2017-11-11 12:40:00.000000,0.00434900,0.00435000,0.00432500,0.00435000,607.80000000
2017-11-11 12:41:00.000000,0.00435000,0.00435000,0.00434900,0.00434900,54.46000000
2017-11-11 12:42:00.000000,0.00434900,0.00434900,0.00433800,0.00433800,171.68000000
2017-11-11 12:43:00.000000,0.00433800,0.00433800,0.00433700,0.00433800,987.53000000
2017-11-11 12:44:00.000000,0.00433700,0.00435500,0.00433700,0.00434200,293.23000000
2017-11-11 12:45:00.000000,0.00433700,0.00434200,0.00433700,0.00434100,85.50000000
2017-11-11 12:46:00.000000,0.00433800,0.00434100,0.00433700,0.00433800,71.11000000
2017-11-11 12:47:00.000000,0.00434200,0.00434200,0.00432700,0.00434200,251.85000000
2017-11-11 12:48:00.000000,0.00434200,0.00434200,0.00434100,0.00434100,198.74000000
2017-11-11 12:49:00.000000,0.00434100,0.00434200,0.00433000,0.00434100,369.75000000
2017-11-11 12:50:00.000000,0.00434300,0.00435700,0.00433000,0.00433000,77.99000000
2017-11-11 12:51:00.000000,0.00434700,0.00434800,0.00434700,0.00434800,113.72000000
2017-11-11 12:52:00.000000,0.00434800,0.00435600,0.00434700,0.00435600,111.07000000
2017-11-11 12:53:00.000000,0.00434800,0.00435600,0.00434800,0.00435000,264.94000000
2017-11-11 12:54:00.000000,0.00435500,0.00435500,0.00434900,0.00435000,294.14000000
2017-11-11 12:55:00.000000,0.00434900,0.00436500,0.00434900,0.00436500,196.85000000
2017-11-11 12:56:00.000000,0.00436400,0.00436500,0.00435100,0.00435100,115.65000000
2017-11-11 12:57:00.000000,0.00435100,0.00436300,0.00435100,0.00436300,106.69000000
2017-11-11 12:58:00.000000,0.00435500,0.00436300,0.00435100,0.00436300,138.47000000
2017-11-11 12:59:00.000000,0.00436300,0.00436500,0.00436300,0.00436300,244.00000000
2017-11-11 13:00:00.000000,0.00436400,0.00436500,0.00436300,0.00436300,1384.92000000
2017-11-11 13:01:00.000000,0.00436300,0.00436400,0.00436300,0.00436300,386.79000000
2017-11-11 13:02:00.000000,0.00436400,0.00436500,0.00436300,0.00436300,231.53000000
2017-11-11 13:03:00.000000,0.00436400,0.00436400,0.00436300,0.00436300,323.77000000
2017-11-11 13:04:00.000000,0.00436300,0.00436400,0.00436300,0.00436300,319.69000000
2017-11-11 13:05:00.000000,0.00436300,0.00436500,0.00436300,0.00436300,419.37000000
2017-11-11 13:06:00.000000,0.00436300,0.00437100,0.00436300,0.00436500,58.94000000
2017-11-11 13:07:00.000000,0.00436400,0.00437700,0.00436400,0.00436600,303.83000000
2017-11-11 13:08:00.000000,0.00436800,0.00437100,0.00436800,0.00436800,81.92000000
2017-11-11 13:09:00.000000,0.00436800,0.00437800,0.00436800,0.00436900,102.13000000
2017-11-11 13:10:00.000000,0.00438100,0.00439900,0.00436800,0.00436800,56.74000000
2017-11-11 13:11:00.000000,0.00437000,0.00439400,0.00436900,0.00438200,16.04000000
2017-11-11 13:12:00.000000,0.00437500,0.00437600,0.00436900,0.00437600,43.16000000
2017-11-11 13:13:00.000000,0.00436900,0.00437500,0.00436900,0.00437400,97.61000000
2017-11-11 13:14:00.000000,0.00437300,0.00437300,0.00436800,0.00437200,202.43000000
2017-11-11 13:15:00.000000,0.00437200,0.00437500,0.00436100,0.00436100,114.83000000
2017-11-11 13:16:00.000000,0.00437200,0.00439700,0.00435200,0.00435400,375.37000000
2017-11-11 13:17:00.000000,0.00437100,0.00437500,0.00435800,0.00435900,122.42000000
2017-11-11 13:18:00.000000,0.00435800,0.00435900,0.00435200,0.00435800,199.39000000
2017-11-11 13:19:00.000000,0.00435800,0.00435800,0.00431100,0.00435700,497.41000000
2017-11-11 13:20:00.000000,0.00435700,0.00435800,0.00433400,0.00435100,198.79000000
2017-11-11 13:21:00.000000,0.00435200,0.00435800,0.00435200,0.00435700,224.74000000
2017-11-11 13:22:00.000000,0.00435800,0.00437600,0.00435700,0.00437600,130.76000000
2017-11-11 13:23:00.000000,0.00437600,0.00437600,0.00436000,0.00436300,82.59000000
2017-11-11 13:24:00.000000,0.00437500,0.00439400,0.00436600,0.00439400,72.74000000
2017-11-11 13:25:00.000000,0.00438300,0.00439600,0.00437400,0.00438200,536.75000000
2017-11-11 13:26:00.000000,0.00438200,0.00439900,0.00438200,0.00439900,283.04000000
2017-11-11 13:27:00.000000,0.00438300,0.00439500,0.00438300,0.00439500,96.76000000
2017-11-11 13:28:00.000000,0.00438400,0.00438500,0.00436600,0.00436600,171.80000000
2017-11-11 13:29:00.000000,0.00436700,0.00438200,0.00433100,0.00433100,382.67000000
2017-11-11 13:30:00.000000,0.00434500,0.00437600,0.00434500,0.00436600,10.93000000
2017-11-11 13:31:00.000000,0.00437500,0.00437500,0.00436500,0.00436500,77.60000000
2017-11-11 13:32:00.000000,0.00435800,0.00436100,0.00435800,0.00436000,27.46000000
2017-11-11 13:33:00.000000,0.00434400,0.00434400,0.00434300,0.00434300,224.44000000
2017-11-11 13:34:00.000000,0.00433900,0.00433900,0.00433800,0.00433900,167.00000000
2017-11-11 13:35:00.000000,0.00433800,0.00433900,0.00432000,0.00433800,74.69000000
2017-11-11 13:36:00.000000,0.00433800,0.00433800,0.00431100,0.00433700,32.11000000
2017-11-11 13:37:00.000000,0.00433700,0.00433900,0.00432600,0.00433300,163.50000000
2017-11-11 13:38:00.000000,0.00433200,0.00435500,0.00433200,0.00435100,335.76000000
2017-11-11 13:39:00.000000,0.00435200,0.00435400,0.00433100,0.00434900,584.86000000
2017-11-11 13:40:00.000000,0.00435000,0.00435200,0.00432700,0.00435200,313.04000000
2017-11-11 13:41:00.000000,0.00435200,0.00435200,0.00435200,0.00435200,140.07000000
2017-11-11 13:42:00.000000,0.00435200,0.00435200,0.00434600,0.00435100,33.16000000
2017-11-11 13:43:00.000000,0.00434100,0.00435400,0.00434000,0.00435300,262.78000000
2017-11-11 13:44:00.000000,0.00435300,0.00435300,0.00434100,0.00434100,79.13000000
2017-11-11 13:45:00.000000,0.00434100,0.00435800,0.00434100,0.00435000,720.66000000
2017-11-11 13:46:00.000000,0.00434500,0.00434900,0.00433700,0.00434500,147.95000000
2017-11-11 13:47:00.000000,0.00434800,0.00440000,0.00433800,0.00435400,500.69000000
2017-11-11 13:48:00.000000,0.00436700,0.00436900,0.00435400,0.00435400,606.43000000
2017-11-11 13:49:00.000000,0.00436700,0.00437300,0.00435300,0.00435300,208.21000000
2017-11-11 13:50:00.000000,0.00435000,0.00435600,0.00434800,0.00435100,630.03000000
2017-11-11 13:51:00.000000,0.00435000,0.00435700,0.00434100,0.00434100,360.92000000
2017-11-11 13:52:00.000000,0.00434100,0.00434800,0.00434100,0.00434800,161.51000000
2017-11-11 13:53:00.000000,0.00434900,0.00434900,0.00434000,0.00434800,94.07000000
2017-11-11 13:54:00.000000,0.00434800,0.00434800,0.00434000,0.00434800,18.27000000
2017-11-11 13:55:00.000000,0.00434700,0.00435600,0.00434600,0.00435600,90.21000000
2017-11-11 13:56:00.000000,0.00435700,0.00436100,0.00435700,0.00436100,79.27000000
2017-11-11 13:57:00.000000,0.00436100,0.00436200,0.00436100,0.00436200,56.35000000
2017-11-11 13:58:00.000000,0.00436500,0.00437100,0.00436500,0.00437100,33.12000000
2017-11-11 13:59:00.000000,0.00437100,0.00437200,0.00436900,0.00437200,61.04000000
2017-11-11 14:00:00.000000,0.00437200,0.00437400,0.00437200,0.00437200,55.07000000
2017-11-11 14:01:00.000000,0.00437100,0.00437100,0.00434900,0.00434900,226.61000000
2017-11-11 14:02:00.000000,0.00436000,0.00438100,0.00433900,0.00435600,2033.01000000
2017-11-11 14:03:00.000000,0.00436000,0.00436000,0.00434200,0.00434200,318.24000000
2017-11-11 14:04:00.000000,0.00435100,0.00436100,0.00433900,0.00436100,850.36000000
2017-11-11 14:05:00.000000,0.00434000,0.00434300,0.00434000,0.00434000,129.97000000
2017-11-11 14:06:00.000000,0.00434300,0.00435000,0.00433900,0.00433900,389.26000000
2017-11-11 14:07:00.000000,0.00433900,0.00433900,0.00433500,0.00433600,309.62000000
2017-11-11 14:08:00.000000,0.00433600,0.00435600,0.00433600,0.00435600,34.58000000
2017-11-11 14:09:00.000000,0.00435600,0.00435600,0.00435500,0.00435500,11.01000000
2017-11-11 14:10:00.000000,0.00435400,0.00435600,0.00434100,0.00434100,57.91000000
2017-11-11 14:11:00.000000,0.00435300,0.00438100,0.00434200,0.00434200,1684.42000000
2017-11-11 14:12:00.000000,0.00434900,0.00434900,0.00434100,0.00434600,92.98000000
2017-11-11 14:13:00.000000,0.00434500,0.00435900,0.00434500,0.00435400,56.02000000
2017-11-11 14:14:00.000000,0.00435400,0.00435900,0.00435400,0.00435800,121.22000000
2017-11-11 14:15:00.000000,0.00435400,0.00435400,0.00434300,0.00435100,158.45000000
2017-11-11 14:16:00.000000,0.00435100,0.00435100,0.00434400,0.00434900,227.10000000
2017-11-11 14:17:00.000000,0.00434900,0.00435600,0.00434900,0.00435500,215.26000000
2017-11-11 14:18:00.000000,0.00435600,0.00438100,0.00435100,0.00435100,166.50000000
2017-11-11 14:19:00.000000,0.00435200,0.00435200,0.00433200,0.00434100,128.81000000
2017-11-11 14:20:00.000000,0.00434600,0.00435100,0.00434100,0.00434100,220.63000000
2017-11-11 14:21:00.000000,0.00434100,0.00434900,0.00434100,0.00434900,284.40000000
2017-11-11 14:22:00.000000,0.00434100,0.00435000,0.00434100,0.00434100,177.15000000
2017-11-11 14:23:00.000000,0.00434100,0.00435000,0.00434100,0.00435000,327.20000000
2017-11-11 14:24:00.000000,0.00435000,0.00435000,0.00434100,0.00434300,459.19000000
2017-11-11 14:25:00.000000,0.00434300,0.00435000,0.00434300,0.00434400,241.82000000
2017-11-11 14:26:00.000000,0.00434500,0.00434900,0.00434000,0.00434900,1175.92000000
2017-11-11 14:27:00.000000,0.00434800,0.00434900,0.00434800,0.00434800,120.33000000
2017-11-11 14:28:00.000000,0.00434700,0.00434800,0.00434700,0.00434800,249.48000000
2017-11-11 14:29:00.000000,0.00434600,0.00434900,0.00434000,0.00434900,369.21000000
2017-11-11 14:30:00.000000,0.00434800,0.00434800,0.00434700,0.00434800,464.72000000
2017-11-11 14:31:00.000000,0.00434800,0.00434800,0.00434600,0.00434600,377.94000000
2017-11-11 14:32:00.000000,0.00434000,0.00434400,0.00434000,0.00434300,262.99000000
2017-11-11 14:33:00.000000,0.00434700,0.00434700,0.00434300,0.00434500,180.53000000
2017-11-11 14:34:00.000000,0.00434600,0.00434800,0.00434400,0.00434800,290.26000000
2017-11-11 14:35:00.000000,0.00434800,0.00434800,0.00433500,0.00433500,686.92000000
2017-11-11 14:36:00.000000,0.00432200,0.00433500,0.00432200,0.00433300,525.54000000
2017-11-11 14:37:00.000000,0.00433300,0.00433400,0.00432000,0.00433400,81.86000000
2017-11-11 14:38:00.000000,0.00433400,0.00433400,0.00433400,0.00433400,119.18000000
2017-11-11 14:39:00.000000,0.00433400,0.00433400,0.00433400,0.00433400,142.90000000
2017-11-11 14:40:00.000000,0.00433400,0.00433400,0.00432000,0.00433200,98.40000000
2017-11-11 14:41:00.000000,0.00432000,0.00433000,0.00431400,0.00433000,96.11000000
2017-11-11 14:42:00.000000,0.00433100,0.00433100,0.00431300,0.00431300,437.18000000
2017-11-11 14:43:00.000000,0.00431300,0.00431400,0.00431300,0.00431400,1072.75000000
2017-11-11 14:44:00.000000,0.00431400,0.00432600,0.00431200,0.00432600,1084.41000000
2017-11-11 14:45:00.000000,0.00432600,0.00432600,0.00431100,0.00431200,183.98000000
2017-11-11 14:46:00.000000,0.00431100,0.00431200,0.00430700,0.00430700,943.41000000
2017-11-11 14:47:00.000000,0.00431100,0.00432700,0.00431100,0.00432700,1026.23000000
2017-11-11 14:48:00.000000,0.00432700,0.00433300,0.00432700,0.00432700,1497.30000000
2017-11-11 14:49:00.000000,0.00432000,0.00433000,0.00431800,0.00433000,363.25000000
2017-11-11 14:50:00.000000,0.00433100,0.00433700,0.00433100,0.00433600,534.79000000
2017-11-11 14:51:00.000000,0.00433200,0.00433700,0.00433200,0.00433600,878.56000000
2017-11-11 14:52:00.000000,0.00434600,0.00434700,0.00434400,0.00434700,340.60000000
2017-11-11 14:53:00.000000,0.00434700,0.00434800,0.00434700,0.00434700,284.05000000
2017-11-11 14:54:00.000000,0.00434700,0.00437400,0.00434700,0.00437100,1104.72000000
2017-11-11 14:55:00.000000,0.00437100,0.00438100,0.00437000,0.00438000,457.74000000
2017-11-11 14:56:00.000000,0.00437900,0.00438100,0.00437700,0.00437700,749.15000000
2017-11-11 14:57:00.000000,0.00437900,0.00438200,0.00437900,0.00438200,245.99000000
2017-11-11 14:58:00.000000,0.00438100,0.00438300,0.00438000,0.00438100,454.17000000
2017-11-11 14:59:00.000000,0.00438300,0.00438500,0.00438000,0.00438300,1095.52000000
2017-11-11 15:00:00.000000,0.00438300,0.00440000,0.00438300,0.00440000,893.58000000
2017-11-11 15:01:00.000000,0.00438400,0.00438400,0.00438300,0.00438400,65.81000000
2017-11-11 15:02:00.000000,0.00438400,0.00438400,0.00438200,0.00438300,236.47000000
2017-11-11 15:03:00.000000,0.00438300,0.00438300,0.00437300,0.00437300,178.10000000
2017-11-11 15:04:00.000000,0.00439200,0.00439200,0.00439200,0.00439200,7.08000000
2017-11-11 15:05:00.000000,0.00438800,0.00438800,0.00438800,0.00438800,0.98000000
2017-11-11 15:06:00.000000,0.00437000,0.00438800,0.00436700,0.00436900,277.25000000
2017-11-11 15:07:00.000000,0.00437200,0.00438000,0.00436800,0.00437800,616.28000000
2017-11-11 15:08:00.000000,0.00437500,0.00437500,0.00437400,0.00437400,247.51000000
2017-11-11 15:09:00.000000,0.00436600,0.00437400,0.00436600,0.00437300,526.78000000
2017-11-11 15:10:00.000000,0.00437300,0.00437300,0.00436600,0.00437300,581.13000000
2017-11-11 15:11:00.000000,0.00437300,0.00437300,0.00436600,0.00436600,58.98000000
2017-11-11 15:12:00.000000,0.00436300,0.00436300,0.00435100,0.00435900,89.21000000
2017-11-11 15:13:00.000000,0.00435900,0.00437000,0.00435900,0.00437000,826.36000000
2017-11-11 15:14:00.000000,0.00437000,0.00437000,0.00435300,0.00435400,292.33000000
2017-11-11 15:15:00.000000,0.00435900,0.00436600,0.00435900,0.00436600,97.19000000
2017-11-11 15:16:00.000000,0.00436500,0.00436500,0.00436300,0.00436300,174.58000000
2017-11-11 15:17:00.000000,0.00435800,0.00436100,0.00434500,0.00434500,356.93000000
2017-11-11 15:18:00.000000,0.00434400,0.00434500,0.00434400,0.00434500,79.95000000
2017-11-11 15:19:00.000000,0.00434600,0.00436000,0.00434600,0.00435900,148.99000000
2017-11-11 15:20:00.000000,0.00436000,0.00437100,0.00436000,0.00436200,113.62000000
2017-11-11 15:21:00.000000,0.00436800,0.00436800,0.00436800,0.00436800,40.63000000
2017-11-11 15:22:00.000000,0.00436200,0.00436500,0.00436100,0.00436100,234.51000000
2017-11-11 15:23:00.000000,0.00436500,0.00436500,0.00436100,0.00436500,137.52000000
2017-11-11 15:24:00.000000,0.00436600,0.00436600,0.00436200,0.00436300,175.27000000
2017-11-11 15:25:00.000000,0.00436300,0.00436400,0.00436300,0.00436300,192.05000000
2017-11-11 15:26:00.000000,0.00436300,0.00436400,0.00436300,0.00436300,105.55000000
2017-11-11 15:27:00.000000,0.00436300,0.00436800,0.00436300,0.00436500,211.95000000
2017-11-11 15:28:00.000000,0.00436300,0.00436600,0.00436300,0.00436300,187.15000000
2017-11-11 15:29:00.000000,0.00436300,0.00436300,0.00436100,0.00436200,428.43000000
2017-11-11 15:30:00.000000,0.00436300,0.00436700,0.00435300,0.00435300,430.57000000
2017-11-11 15:31:00.000000,0.00435300,0.00436600,0.00435300,0.00435400,384.10000000
2017-11-11 15:32:00.000000,0.00436500,0.00437000,0.00436000,0.00437000,327.32000000
2017-11-11 15:33:00.000000,0.00435500,0.00435500,0.00433400,0.00433400,472.53000000
2017-11-11 15:34:00.000000,0.00435000,0.00435000,0.00432900,0.00432900,400.59000000
2017-11-11 15:35:00.000000,0.00434200,0.00434200,0.00434100,0.00434100,214.64000000
2017-11-11 15:36:00.000000,0.00434600,0.00435400,0.00434600,0.00435400,288.82000000
2017-11-11 15:37:00.000000,0.00434700,0.00437000,0.00434700,0.00437000,209.49000000
2017-11-11 15:38:00.000000,0.00436900,0.00437300,0.00436900,0.00437300,182.40000000
2017-11-11 15:39:00.000000,0.00437300,0.00437300,0.00437100,0.00437100,288.67000000
2017-11-11 15:40:00.000000,0.00437400,0.00437400,0.00437000,0.00437000,799.28000000
2017-11-11 15:41:00.000000,0.00437000,0.00437100,0.00437000,0.00437100,221.68000000
2017-11-11 15:42:00.000000,0.00437100,0.00437100,0.00436800,0.00437100,372.43000000
2017-11-11 15:43:00.000000,0.00437100,0.00438500,0.00437100,0.00437400,338.35000000
2017-11-11 15:44:00.000000,0.00438300,0.00438300,0.00436800,0.00437100,283.10000000
2017-11-11 15:45:00.000000,0.00437400,0.00438000,0.00436700,0.00436700,114.39000000
2017-11-11 15:46:00.000000,0.00437900,0.00438000,0.00436600,0.00436600,51.56000000
2017-11-11 15:47:00.000000,0.00436800,0.00438300,0.00436800,0.00436800,303.58000000
2017-11-11 15:48:00.000000,0.00436800,0.00438500,0.00436600,0.00438300,751.03000000
2017-11-11 15:49:00.000000,0.00436600,0.00438400,0.00436600,0.00436700,412.48000000
2017-11-11 15:50:00.000000,0.00436700,0.00436700,0.00434100,0.00436400,262.96000000
2017-11-11 15:51:00.000000,0.00435500,0.00439000,0.00435000,0.00436700,352.95000000
2017-11-11 15:52:00.000000,0.00437100,0.00437100,0.00436200,0.00436700,177.28000000
2017-11-11 15:53:00.000000,0.00436700,0.00437100,0.00436700,0.00437000,177.85000000
2017-11-11 15:54:00.000000,0.00437800,0.00437900,0.00437800,0.00437900,120.62000000
2017-11-11 15:55:00.000000,0.00437900,0.00437900,0.00435700,0.00435700,332.44000000
2017-11-11 15:56:00.000000,0.00435100,0.00435300,0.00435100,0.00435200,64.35000000
2017-11-11 15:57:00.000000,0.00435100,0.00436600,0.00435100,0.00435100,186.53000000
2017-11-11 15:58:00.000000,0.00435100,0.00436700,0.00435100,0.00436400,63.94000000
2017-11-11 15:59:00.000000,0.00436000,0.00436600,0.00434500,0.00434500,723.51000000
2017-11-11 16:00:00.000000,0.00436600,0.00436600,0.00436200,0.00436200,138.26000000
2017-11-11 16:01:00.000000,0.00436200,0.00436200,0.00436100,0.00436100,407.86000000
2017-11-11 16:02:00.000000,0.00436100,0.00436200,0.00436100,0.00436200,80.51000000
2017-11-11 16:03:00.000000,0.00436100,0.00436100,0.00436100,0.00436100,152.00000000
2017-11-11 16:04:00.000000,0.00436100,0.00436100,0.00435300,0.00436100,276.90000000
2017-11-11 16:05:00.000000,0.00436100,0.00436100,0.00435200,0.00436100,70.55000000
2017-11-11 16:06:00.000000,0.00436100,0.00436100,0.00435400,0.00436000,394.77000000
2017-11-11 16:07:00.000000,0.00436000,0.00437400,0.00435500,0.00436800,813.67000000
2017-11-11 16:08:00.000000,0.00436700,0.00436800,0.00435400,0.00435400,657.39000000
2017-11-11 16:09:00.000000,0.00435600,0.00436400,0.00433700,0.00433700,1819.34000000
2017-11-11 16:10:00.000000,0.00433800,0.00436600,0.00433600,0.00436600,1075.44000000
2017-11-11 16:11:00.000000,0.00436500,0.00436500,0.00436500,0.00436500,1.09000000
2017-11-11 16:12:00.000000,0.00436900,0.00437300,0.00436500,0.00437300,74.32000000
2017-11-11 16:13:00.000000,0.00437200,0.00437500,0.00437200,0.00437400,192.01000000
2017-11-11 16:14:00.000000,0.00437300,0.00437300,0.00437200,0.00437200,324.80000000
2017-11-11 16:15:00.000000,0.00437200,0.00437300,0.00437200,0.00437300,147.38000000
2017-11-11 16:16:00.000000,0.00437300,0.00437400,0.00437200,0.00437300,156.01000000
2017-11-11 16:17:00.000000,0.00437300,0.00437400,0.00437200,0.00437400,516.60000000
2017-11-11 16:18:00.000000,0.00437400,0.00437400,0.00437200,0.00437300,369.86000000
2017-11-11 16:19:00.000000,0.00437300,0.00437300,0.00436800,0.00437000,214.28000000
2017-11-11 16:20:00.000000,0.00437300,0.00437300,0.00437300,0.00437300,561.10000000
2017-11-11 16:21:00.000000,0.00437000,0.00437300,0.00437000,0.00437000,526.45000000
2017-11-11 16:22:00.000000,0.00436900,0.00437300,0.00436800,0.00437200,208.03000000
2017-11-11 16:23:00.000000,0.00437100,0.00437100,0.00435200,0.00437100,279.58000000
2017-11-11 16:24:00.000000,0.00437100,0.00437100,0.00436300,0.00437100,333.68000000
2017-11-11 16:25:00.000000,0.00436000,0.00437300,0.00436000,0.00437200,492.30000000
2017-11-11 16:26:00.000000,0.00437200,0.00437300,0.00437200,0.00437300,112.54000000
2017-11-11 16:27:00.000000,0.00437200,0.00437300,0.00436600,0.00436600,327.63000000
2017-11-11 16:28:00.000000,0.00437200,0.00437200,0.00436800,0.00437100,188.63000000
2017-11-11 16:29:00.000000,0.00437100,0.00437200,0.00436200,0.00437100,468.56000000
2017-11-11 16:30:00.000000,0.00437100,0.00437100,0.00435200,0.00437100,444.20000000
2017-11-11 16:31:00.000000,0.00437000,0.00437100,0.00437000,0.00437000,290.18000000
2017-11-11 16:32:00.000000,0.00437000,0.00437500,0.00436900,0.00437500,693.38000000
2017-11-11 16:33:00.000000,0.00436900,0.00437500,0.00435700,0.00436200,523.71000000
2017-11-11 16:34:00.000000,0.00437500,0.00437500,0.00436200,0.00436200,160.67000000
2017-11-11 16:35:00.000000,0.00435900,0.00437800,0.00435900,0.00436200,239.58000000
2017-11-11 16:36:00.000000,0.00437500,0.00437500,0.00437500,0.00437500,1271.55000000
2017-11-11 16:37:00.000000,0.00437500,0.00438000,0.00437400,0.00437400,1187.48000000
2017-11-11 16:38:00.000000,0.00437500,0.00438000,0.00437500,0.00437900,162.98000000
2017-11-11 16:39:00.000000,0.00437900,0.00438500,0.00437800,0.00438500,670.05000000
2017-11-11 16:40:00.000000,0.00438500,0.00438800,0.00438000,0.00438000,353.59000000
2017-11-11 16:41:00.000000,0.00438100,0.00438100,0.00438100,0.00438100,274.17000000
2017-11-11 16:42:00.000000,0.00438800,0.00438800,0.00438100,0.00438100,1536.98000000
2017-11-11 16:43:00.000000,0.00438100,0.00438800,0.00438000,0.00438800,1322.49000000
2017-11-11 16:44:00.000000,0.00438900,0.00439600,0.00437900,0.00438000,1201.87000000
2017-11-11 16:45:00.000000,0.00438000,0.00438000,0.00438000,0.00438000,884.88000000
2017-11-11 16:46:00.000000,0.00438000,0.00438000,0.00438000,0.00438000,318.07000000
2017-11-11 16:47:00.000000,0.00439500,0.00439600,0.00438000,0.00438000,205.08000000
2017-11-11 16:48:00.000000,0.00438600,0.00438600,0.00438100,0.00438100,214.12000000
2017-11-11 16:49:00.000000,0.00438100,0.00438100,0.00438000,0.00438000,247.38000000
2017-11-11 16:50:00.000000,0.00438000,0.00438000,0.00438000,0.00438000,70.57000000
2017-11-11 16:51:00.000000,0.00438000,0.00438000,0.00438000,0.00438000,74.02000000
2017-11-11 16:52:00.000000,0.00438100,0.00438100,0.00438000,0.00438100,65.61000000
2017-11-11 16:53:00.000000,0.00438400,0.00438400,0.00438000,0.00438100,99.01000000
2017-11-11 16:54:00.000000,0.00438200,0.00439700,0.00438200,0.00438600,344.61000000
2017-11-11 16:55:00.000000,0.00438800,0.00439700,0.00438800,0.00439000,352.63000000
2017-11-11 16:56:00.000000,0.00439700,0.00439700,0.00439100,0.00439200,1047.93000000
2017-11-11 16:57:00.000000,0.00439700,0.00439700,0.00439000,0.00439200,1446.80000000
2017-11-11 16:58:00.000000,0.00439700,0.00439800,0.00438700,0.00438700,664.20000000
2017-11-11 16:59:00.000000,0.00439800,0.00439900,0.00438800,0.00439900,732.02000000
2017-11-11 17:00:00.000000,0.00439900,0.00440000,0.00438700,0.00439100,441.55000000
2017-11-11 17:01:00.000000,0.00439100,0.00439900,0.00439100,0.00439100,422.51000000
2017-11-11 17:02:00.000000,0.00439200,0.00439900,0.00439000,0.00439000,164.87000000
2017-11-11 17:03:00.000000,0.00439900,0.00440000,0.00438800,0.00440000,906.34000000
2017-11-11 17:04:00.000000,0.00438900,0.00440000,0.00438900,0.00439700,497.89000000
2017-11-11 17:05:00.000000,0.00439800,0.00440000,0.00439700,0.00440000,898.25000000
2017-11-11 17:06:00.000000,0.00440000,0.00440200,0.00439900,0.00440200,577.36000000
2017-11-11 17:07:00.000000,0.00440200,0.00440200,0.00439800,0.00439900,379.50000000
2017-11-11 17:08:00.000000,0.00440000,0.00442200,0.00439900,0.00442200,472.60000000
2017-11-11 17:09:00.000000,0.00442100,0.00442100,0.00442100,0.00442100,104.03000000
2017-11-11 17:10:00.000000,0.00442100,0.00442500,0.00442000,0.00442500,194.49000000
2017-11-11 17:11:00.000000,0.00442300,0.00442400,0.00442200,0.00442300,79.39000000
2017-11-11 17:12:00.000000,0.00442300,0.00442300,0.00442200,0.00442300,263.05000000
2017-11-11 17:13:00.000000,0.00442200,0.00442300,0.00441900,0.00442000,620.27000000
2017-11-11 17:14:00.000000,0.00441900,0.00442300,0.00441900,0.00442000,268.89000000
2017-11-11 17:15:00.000000,0.00442300,0.00442400,0.00442000,0.00442000,188.52000000
2017-11-11 17:16:00.000000,0.00442300,0.00442500,0.00441900,0.00442500,340.67000000
2017-11-11 17:17:00.000000,0.00442600,0.00442900,0.00442500,0.00442900,729.85000000
2017-11-11 17:18:00.000000,0.00442800,0.00443000,0.00442600,0.00442600,458.88000000
2017-11-11 17:19:00.000000,0.00442500,0.00442600,0.00442000,0.00442500,142.96000000
2017-11-11 17:20:00.000000,0.00442500,0.00442600,0.00442000,0.00442100,398.09000000
2017-11-11 17:21:00.000000,0.00442500,0.00442500,0.00442100,0.00442100,544.79000000
2017-11-11 17:22:00.000000,0.00442100,0.00442100,0.00441900,0.00441900,292.10000000
2017-11-11 17:23:00.000000,0.00441900,0.00442500,0.00441900,0.00442300,120.70000000
2017-11-11 17:24:00.000000,0.00441900,0.00442400,0.00441300,0.00442300,473.36000000
2017-11-11 17:25:00.000000,0.00442500,0.00442500,0.00440700,0.00442500,358.07000000
2017-11-11 17:26:00.000000,0.00442600,0.00442600,0.00442500,0.00442600,105.88000000
2017-11-11 17:27:00.000000,0.00442600,0.00442700,0.00442000,0.00442500,151.34000000
2017-11-11 17:28:00.000000,0.00442500,0.00442700,0.00442500,0.00442600,228.90000000
2017-11-11 17:29:00.000000,0.00442700,0.00443000,0.00441100,0.00442500,354.91000000
2017-11-11 17:30:00.000000,0.00442500,0.00442900,0.00442100,0.00442100,241.33000000
2017-11-11 17:31:00.000000,0.00442300,0.00443400,0.00442100,0.00443400,221.48000000
2017-11-11 17:32:00.000000,0.00442700,0.00443600,0.00442700,0.00443600,283.02000000
2017-11-11 17:33:00.000000,0.00443600,0.00444900,0.00443600,0.00444700,72.35000000
2017-11-11 17:34:00.000000,0.00444800,0.00445000,0.00443500,0.00444900,574.01000000
2017-11-11 17:35:00.000000,0.00445000,0.00445500,0.00443700,0.00445500,176.27000000
2017-11-11 17:36:00.000000,0.00445500,0.00446800,0.00445200,0.00446800,252.96000000
2017-11-11 17:37:00.000000,0.00446800,0.00447300,0.00445700,0.00447200,332.08000000
2017-11-11 17:38:00.000000,0.00447300,0.00449000,0.00447300,0.00447700,350.21000000
2017-11-11 17:39:00.000000,0.00447700,0.00449800,0.00447700,0.00449800,223.45000000
2017-11-11 17:40:00.000000,0.00449100,0.00449800,0.00447800,0.00447800,328.18000000
2017-11-11 17:41:00.000000,0.00447800,0.00449400,0.00447800,0.00449400,314.48000000
2017-11-11 17:42:00.000000,0.00449500,0.00450000,0.00449100,0.00450000,832.61000000
2017-11-11 17:43:00.000000,0.00450000,0.00452500,0.00450000,0.00452500,819.53000000
2017-11-11 17:44:00.000000,0.00452300,0.00452500,0.00452100,0.00452400,689.09000000
2017-11-11 17:45:00.000000,0.00452400,0.00452500,0.00452400,0.00452400,395.97000000
2017-11-11 17:46:00.000000,0.00452300,0.00452500,0.00450000,0.00452500,874.96000000
2017-11-11 17:47:00.000000,0.00452500,0.00452500,0.00450500,0.00450900,339.65000000
2017-11-11 17:48:00.000000,0.00452400,0.00453900,0.00451800,0.00453900,1397.24000000
2017-11-11 17:49:00.000000,0.00453000,0.00454900,0.00450100,0.00453400,1133.87000000
2017-11-11 17:50:00.000000,0.00453500,0.00453500,0.00451500,0.00451700,325.42000000
2017-11-11 17:51:00.000000,0.00451900,0.00452900,0.00448200,0.00448200,533.19000000
2017-11-11 17:52:00.000000,0.00452200,0.00452200,0.00449300,0.00449700,118.29000000
2017-11-11 17:53:00.000000,0.00449600,0.00449900,0.00448500,0.00449300,354.20000000
2017-11-11 17:54:00.000000,0.00449300,0.00449900,0.00448600,0.00449900,251.18000000
2017-11-11 17:55:00.000000,0.00449900,0.00451900,0.00448900,0.00451900,432.24000000
2017-11-11 17:56:00.000000,0.00451800,0.00453200,0.00451800,0.00453200,328.47000000
2017-11-11 17:57:00.000000,0.00452200,0.00452400,0.00452100,0.00452200,374.38000000
2017-11-11 17:58:00.000000,0.00452400,0.00453300,0.00452400,0.00453200,112.14000000
2017-11-11 17:59:00.000000,0.00451900,0.00453000,0.00451900,0.00453000,61.33000000
2017-11-11 18:00:00.000000,0.00452800,0.00453200,0.00452000,0.00453200,125.87000000
2017-11-11 18:01:00.000000,0.00453100,0.00453200,0.00452000,0.00452900,197.00000000
2017-11-11 18:02:00.000000,0.00453000,0.00453000,0.00451900,0.00453000,597.97000000
2017-11-11 18:03:00.000000,0.00452900,0.00453000,0.00452800,0.00452900,277.63000000
2017-11-11 18:04:00.000000,0.00452900,0.00452900,0.00452100,0.00452100,268.00000000
2017-11-11 18:05:00.000000,0.00451900,0.00452700,0.00451800,0.00452700,340.82000000
2017-11-11 18:06:00.000000,0.00452700,0.00454200,0.00450900,0.00452100,788.89000000
2017-11-11 18:07:00.000000,0.00451400,0.00452800,0.00451400,0.00452800,77.89000000
2017-11-11 18:08:00.000000,0.00451600,0.00453100,0.00451600,0.00453100,83.06000000
2017-11-11 18:09:00.000000,0.00453000,0.00454200,0.00452500,0.00454200,460.06000000
2017-11-11 18:10:00.000000,0.00453200,0.00454600,0.00453200,0.00454600,261.39000000
2017-11-11 18:11:00.000000,0.00453500,0.00454700,0.00453500,0.00454700,273.92000000
2017-11-11 18:12:00.000000,0.00454700,0.00454700,0.00453600,0.00454700,288.04000000
2017-11-11 18:13:00.000000,0.00454700,0.00454700,0.00454600,0.00454600,108.55000000
2017-11-11 18:14:00.000000,0.00454700,0.00454900,0.00454600,0.00454900,238.64000000
2017-11-11 18:15:00.000000,0.00454900,0.00455200,0.00454800,0.00455200,179.03000000
2017-11-11 18:16:00.000000,0.00455900,0.00456400,0.00455900,0.00456400,314.39000000
2017-11-11 18:17:00.000000,0.00456400,0.00457000,0.00456400,0.00457000,548.68000000
2017-11-11 18:18:00.000000,0.00457300,0.00458300,0.00457300,0.00458300,32.14000000
2017-11-11 18:19:00.000000,0.00458000,0.00458200,0.00458000,0.00458000,405.95000000
2017-11-11 18:20:00.000000,0.00456900,0.00458300,0.00456900,0.00456900,312.36000000
2017-11-11 18:21:00.000000,0.00457000,0.00457900,0.00457000,0.00457900,167.31000000
2017-11-11 18:22:00.000000,0.00457100,0.00457900,0.00456900,0.00457800,170.97000000
2017-11-11 18:23:00.000000,0.00457900,0.00459000,0.00456800,0.00457100,240.44000000
2017-11-11 18:24:00.000000,0.00457200,0.00458600,0.00457200,0.00458600,123.23000000
2017-11-11 18:25:00.000000,0.00457300,0.00458800,0.00457300,0.00458600,22.07000000
2017-11-11 18:26:00.000000,0.00457500,0.00458000,0.00457400,0.00457400,36.09000000
2017-11-11 18:27:00.000000,0.00457300,0.00458000,0.00456200,0.00457000,305.06000000
2017-11-11 18:28:00.000000,0.00457100,0.00458100,0.00457100,0.00458100,142.99000000
2017-11-11 18:29:00.000000,0.00458000,0.00458600,0.00456600,0.00456600,313.98000000
2017-11-11 18:30:00.000000,0.00458500,0.00458500,0.00456600,0.00456600,180.57000000
2017-11-11 18:31:00.000000,0.00458000,0.00458000,0.00457900,0.00457900,54.35000000
2017-11-11 18:32:00.000000,0.00458000,0.00458000,0.00456500,0.00457900,68.51000000
2017-11-11 18:33:00.000000,0.00458000,0.00458400,0.00456000,0.00458300,70.22000000
2017-11-11 18:34:00.000000,0.00458300,0.00458300,0.00457100,0.00457400,72.97000000
2017-11-11 18:35:00.000000,0.00458300,0.00458400,0.00457000,0.00457000,431.25000000
2017-11-11 18:36:00.000000,0.00457000,0.00458400,0.00456900,0.00458400,1545.86000000
2017-11-11 18:37:00.000000,0.00458500,0.00459000,0.00457400,0.00459000,143.28000000
2017-11-11 18:38:00.000000,0.00458900,0.00459800,0.00458900,0.00459700,320.81000000
2017-11-11 18:39:00.000000,0.00459700,0.00460500,0.00458100,0.00460500,547.84000000
2017-11-11 18:40:00.000000,0.00460400,0.00461100,0.00460400,0.00461000,142.30000000
2017-11-11 18:41:00.000000,0.00461300,0.00462000,0.00461000,0.00461100,425.50000000
2017-11-11 18:42:00.000000,0.00461900,0.00462200,0.00461100,0.00461900,713.62000000
2017-11-11 18:43:00.000000,0.00461800,0.00461800,0.00460100,0.00460100,180.51000000
2017-11-11 18:44:00.000000,0.00460200,0.00460200,0.00460200,0.00460200,8.55000000
2017-11-11 18:45:00.000000,0.00460200,0.00461500,0.00460200,0.00461300,169.78000000
2017-11-11 18:46:00.000000,0.00461300,0.00461300,0.00457400,0.00457400,96.45000000
2017-11-11 18:47:00.000000,0.00457400,0.00458800,0.00456600,0.00457200,206.74000000
2017-11-11 18:48:00.000000,0.00457100,0.00457200,0.00455500,0.00456700,262.39000000
2017-11-11 18:49:00.000000,0.00456700,0.00456800,0.00455500,0.00456500,147.01000000
2017-11-11 18:50:00.000000,0.00456400,0.00456400,0.00453100,0.00454800,679.96000000
2017-11-11 18:51:00.000000,0.00454600,0.00456700,0.00453300,0.00456700,854.12000000
2017-11-11 18:52:00.000000,0.00456800,0.00457700,0.00456500,0.00457400,174.29000000
2017-11-11 18:53:00.000000,0.00457300,0.00458900,0.00457200,0.00457600,179.45000000
2017-11-11 18:54:00.000000,0.00458900,0.00459000,0.00457600,0.00458900,43.39000000
2017-11-11 18:55:00.000000,0.00458900,0.00459800,0.00457100,0.00457100,419.78000000
2017-11-11 18:56:00.000000,0.00457100,0.00457100,0.00456900,0.00456900,29.34000000
2017-11-11 18:57:00.000000,0.00456800,0.00457100,0.00455800,0.00457100,86.71000000
2017-11-11 18:58:00.000000,0.00457100,0.00457200,0.00455700,0.00457200,56.19000000
2017-11-11 18:59:00.000000,0.00457200,0.00458500,0.00457200,0.00457400,37.76000000
2017-11-11 19:00:00.000000,0.00457400,0.00458400,0.00457400,0.00458200,116.77000000
2017-11-11 19:01:00.000000,0.00457400,0.00458200,0.00457300,0.00458000,159.55000000
2017-11-11 19:02:00.000000,0.00456800,0.00458200,0.00456800,0.00457800,41.74000000
2017-11-11 19:03:00.000000,0.00457900,0.00459200,0.00457900,0.00458400,94.15000000
2017-11-11 19:04:00.000000,0.00459100,0.00459100,0.00458900,0.00458900,15.08000000
2017-11-11 19:05:00.000000,0.00458500,0.00459300,0.00458500,0.00459300,182.66000000
2017-11-11 19:06:00.000000,0.00459300,0.00459300,0.00458000,0.00458000,263.06000000
2017-11-11 19:07:00.000000,0.00458000,0.00458400,0.00457000,0.00457400,1043.98000000
2017-11-11 19:08:00.000000,0.00458400,0.00459100,0.00458400,0.00458500,516.63000000
2017-11-11 19:09:00.000000,0.00458500,0.00459400,0.00458300,0.00459100,487.06000000
2017-11-11 19:10:00.000000,0.00457500,0.00459300,0.00457500,0.00459100,135.25000000
2017-11-11 19:11:00.000000,0.00459100,0.00459100,0.00454500,0.00456600,386.90000000
2017-11-11 19:12:00.000000,0.00456000,0.00456000,0.00451900,0.00454200,36.38000000
2017-11-11 19:13:00.000000,0.00452000,0.00452600,0.00450100,0.00451900,882.98000000
2017-11-11 19:14:00.000000,0.00451000,0.00451000,0.00445500,0.00450000,2033.14000000
2017-11-11 19:15:00.000000,0.00449900,0.00451800,0.00449900,0.00451800,227.74000000
2017-11-11 19:16:00.000000,0.00452200,0.00452400,0.00452100,0.00452400,107.82000000
2017-11-11 19:17:00.000000,0.00452400,0.00452400,0.00452400,0.00452400,0.00000000
2017-11-11 19:18:00.000000,0.00452500,0.00452500,0.00452300,0.00452300,175.70000000
2017-11-11 19:19:00.000000,0.00452300,0.00452300,0.00450300,0.00450300,40.02000000
2017-11-11 19:20:00.000000,0.00451900,0.00451900,0.00450000,0.00451900,32.49000000
2017-11-11 19:21:00.000000,0.00451900,0.00451900,0.00451000,0.00451000,35.49000000
2017-11-11 19:22:00.000000,0.00450800,0.00450900,0.00450600,0.00450600,1168.24000000
2017-11-11 19:23:00.000000,0.00450700,0.00450800,0.00450700,0.00450800,45.40000000
2017-11-11 19:24:00.000000,0.00450800,0.00450900,0.00449800,0.00449900,138.07000000
2017-11-11 19:25:00.000000,0.00449900,0.00450700,0.00449800,0.00450600,206.44000000
2017-11-11 19:26:00.000000,0.00450600,0.00450700,0.00449200,0.00449200,170.72000000
2017-11-11 19:27:00.000000,0.00449900,0.00450600,0.00449900,0.00450500,315.88000000
2017-11-11 19:28:00.000000,0.00449400,0.00450400,0.00449400,0.00449400,402.37000000
2017-11-11 19:29:00.000000,0.00449400,0.00449900,0.00449400,0.00449900,50.58000000
2017-11-11 19:30:00.000000,0.00449500,0.00450700,0.00449500,0.00450500,47.41000000
2017-11-11 19:31:00.000000,0.00450500,0.00450500,0.00449600,0.00450300,58.37000000
2017-11-11 19:32:00.000000,0.00449600,0.00450300,0.00449400,0.00449500,57.85000000
2017-11-11 19:33:00.000000,0.00449400,0.00449500,0.00449400,0.00449500,192.86000000
2017-11-11 19:34:00.000000,0.00449500,0.00451000,0.00449500,0.00451000,249.77000000
2017-11-11 19:35:00.000000,0.00451100,0.00451100,0.00450000,0.00450900,133.04000000
2017-11-11 19:36:00.000000,0.00450100,0.00451000,0.00449700,0.00449700,130.22000000
2017-11-11 19:37:00.000000,0.00451000,0.00451100,0.00449800,0.00449900,332.09000000
2017-11-11 19:38:00.000000,0.00449900,0.00450900,0.00448100,0.00449700,558.68000000
2017-11-11 19:39:00.000000,0.00449400,0.00449400,0.00449300,0.00449300,1016.59000000
2017-11-11 19:40:00.000000,0.00449300,0.00449300,0.00449100,0.00449100,1311.93000000
2017-11-11 19:41:00.000000,0.00449100,0.00450700,0.00448100,0.00450700,1438.39000000
2017-11-11 19:42:00.000000,0.00450800,0.00450900,0.00449500,0.00449500,263.08000000
2017-11-11 19:43:00.000000,0.00450800,0.00450800,0.00450800,0.00450800,83.16000000
2017-11-11 19:44:00.000000,0.00450600,0.00450600,0.00450600,0.00450600,9.78000000
2017-11-11 19:45:00.000000,0.00450100,0.00450500,0.00450100,0.00450500,7.92000000
2017-11-11 19:46:00.000000,0.00449700,0.00450300,0.00449700,0.00450100,160.26000000
2017-11-11 19:47:00.000000,0.00450300,0.00451300,0.00450000,0.00451300,321.99000000
2017-11-11 19:48:00.000000,0.00451400,0.00451700,0.00451400,0.00451600,586.47000000
2017-11-11 19:49:00.000000,0.00450100,0.00451500,0.00449900,0.00451500,92.45000000
2017-11-11 19:50:00.000000,0.00450200,0.00451100,0.00450200,0.00451100,213.53000000
2017-11-11 19:51:00.000000,0.00451100,0.00451100,0.00451000,0.00451000,272.75000000
2017-11-11 19:52:00.000000,0.00451600,0.00451600,0.00451600,0.00451600,7.35000000
2017-11-11 19:53:00.000000,0.00451300,0.00451300,0.00451100,0.00451100,227.68000000
2017-11-11 19:54:00.000000,0.00451500,0.00451600,0.00451300,0.00451600,934.18000000
2017-11-11 19:55:00.000000,0.00451600,0.00452400,0.00451600,0.00451800,743.82000000
2017-11-11 19:56:00.000000,0.00452400,0.00455000,0.00452400,0.00454600,380.55000000
2017-11-11 19:57:00.000000,0.00454900,0.00455000,0.00454600,0.00454600,156.03000000
2017-11-11 19:58:00.000000,0.00454600,0.00455300,0.00454600,0.00454900,284.28000000
2017-11-11 19:59:00.000000,0.00454600,0.00454600,0.00453100,0.00453100,105.09000000
2017-11-11 20:00:00.000000,0.00453200,0.00453700,0.00453200,0.00453600,145.75000000
2017-11-11 20:01:00.000000,0.00454300,0.00454400,0.00453300,0.00454400,105.98000000
2017-11-11 20:02:00.000000,0.00454300,0.00454300,0.00453200,0.00453200,147.48000000
2017-11-11 20:03:00.000000,0.00453200,0.00453200,0.00452900,0.00452900,91.30000000
2017-11-11 20:04:00.000000,0.00452500,0.00452500,0.00452300,0.00452300,35.43000000
2017-11-11 20:05:00.000000,0.00452500,0.00452500,0.00451900,0.00452500,74.32000000
2017-11-11 20:06:00.000000,0.00452500,0.00452500,0.00450300,0.00451000,272.79000000
2017-11-11 20:07:00.000000,0.00450700,0.00450700,0.00449800,0.00449800,249.52000000
2017-11-11 20:08:00.000000,0.00449800,0.00451000,0.00449800,0.00451000,167.39000000
2017-11-11 20:09:00.000000,0.00452400,0.00452800,0.00451900,0.00452800,534.53000000
2017-11-11 20:10:00.000000,0.00452000,0.00452800,0.00450900,0.00451500,940.08000000
2017-11-11 20:11:00.000000,0.00451500,0.00451600,0.00450800,0.00451600,200.14000000
2017-11-11 20:12:00.000000,0.00452700,0.00452700,0.00451200,0.00451500,52.08000000
2017-11-11 20:13:00.000000,0.00452900,0.00453500,0.00451500,0.00453500,151.47000000
2017-11-11 20:14:00.000000,0.00454100,0.00454100,0.00451000,0.00452100,190.22000000
2017-11-11 20:15:00.000000,0.00451900,0.00452200,0.00451100,0.00452000,283.75000000
2017-11-11 20:16:00.000000,0.00451900,0.00451900,0.00451000,0.00451000,97.72000000
2017-11-11 20:17:00.000000,0.00450900,0.00451800,0.00450800,0.00450800,222.94000000
2017-11-11 20:18:00.000000,0.00450800,0.00451700,0.00450800,0.00451700,593.57000000
2017-11-11 20:19:00.000000,0.00451000,0.00451900,0.00451000,0.00451800,289.83000000
2017-11-11 20:20:00.000000,0.00451800,0.00451800,0.00450900,0.00450900,230.64000000
2017-11-11 20:21:00.000000,0.00451700,0.00451700,0.00451000,0.00451600,200.29000000
2017-11-11 20:22:00.000000,0.00451700,0.00451900,0.00451700,0.00451900,20.98000000
2017-11-11 20:23:00.000000,0.00451700,0.00451700,0.00451200,0.00451200,253.04000000
2017-11-11 20:24:00.000000,0.00451000,0.00451200,0.00451000,0.00451200,76.79000000
2017-11-11 20:25:00.000000,0.00452800,0.00452800,0.00452800,0.00452800,22.85000000
2017-11-11 20:26:00.000000,0.00452200,0.00452500,0.00451800,0.00452500,226.68000000
2017-11-11 20:27:00.000000,0.00452400,0.00452700,0.00452400,0.00452400,193.80000000
2017-11-11 20:28:00.000000,0.00452400,0.00452800,0.00452400,0.00452800,166.59000000
2017-11-11 20:29:00.000000,0.00454000,0.00454600,0.00452700,0.00454500,230.47000000
2017-11-11 20:30:00.000000,0.00454300,0.00454300,0.00454300,0.00454300,84.43000000
2017-11-11 20:31:00.000000,0.00452900,0.00453000,0.00452900,0.00453000,417.07000000
2017-11-11 20:32:00.000000,0.00454500,0.00454500,0.00453000,0.00453000,72.10000000
2017-11-11 20:33:00.000000,0.00453000,0.00453000,0.00452800,0.00452900,435.39000000
2017-11-11 20:34:00.000000,0.00452900,0.00455000,0.00452900,0.00455000,1199.71000000
2017-11-11 20:35:00.000000,0.00452900,0.00454700,0.00452000,0.00452400,258.85000000
2017-11-11 20:36:00.000000,0.00453600,0.00453700,0.00452400,0.00453000,115.92000000
2017-11-11 20:37:00.000000,0.00453400,0.00453400,0.00452900,0.00453000,218.36000000
2017-11-11 20:38:00.000000,0.00453200,0.00453500,0.00453100,0.00453500,401.19000000
2017-11-11 20:39:00.000000,0.00453500,0.00453700,0.00453100,0.00453700,254.02000000
2017-11-11 20:40:00.000000,0.00454300,0.00454800,0.00454300,0.00454700,277.14000000
2017-11-11 20:41:00.000000,0.00454800,0.00454900,0.00454800,0.00454900,436.60000000
2017-11-11 20:42:00.000000,0.00454900,0.00454900,0.00454900,0.00454900,861.17000000
2017-11-11 20:43:00.000000,0.00453800,0.00454800,0.00453700,0.00453700,1395.53000000
2017-11-11 20:44:00.000000,0.00453500,0.00454900,0.00453500,0.00454900,570.98000000
2017-11-11 20:45:00.000000,0.00454800,0.00455000,0.00454400,0.00454400,440.88000000
2017-11-11 20:46:00.000000,0.00454400,0.00455100,0.00454400,0.00455100,161.15000000
2017-11-11 20:47:00.000000,0.00455100,0.00457800,0.00454800,0.00456500,515.78000000
2017-11-11 20:48:00.000000,0.00457800,0.00457800,0.00456400,0.00456500,189.73000000
2017-11-11 20:49:00.000000,0.00456500,0.00457200,0.00454800,0.00457200,458.93000000
2017-11-11 20:50:00.000000,0.00457200,0.00457500,0.00457100,0.00457500,717.35000000
2017-11-11 20:51:00.000000,0.00457400,0.00457400,0.00454300,0.00454300,422.37000000
2017-11-11 20:52:00.000000,0.00454300,0.00456000,0.00454300,0.00455500,449.48000000
2017-11-11 20:53:00.000000,0.00454000,0.00454000,0.00453300,0.00453400,922.63000000
2017-11-11 20:54:00.000000,0.00453300,0.00453300,0.00452200,0.00452200,222.04000000
2017-11-11 20:55:00.000000,0.00452500,0.00452500,0.00452400,0.00452400,493.87000000
2017-11-11 20:56:00.000000,0.00452300,0.00452300,0.00450700,0.00450700,185.88000000
2017-11-11 20:57:00.000000,0.00450000,0.00452500,0.00449800,0.00450400,614.67000000
2017-11-11 20:58:00.000000,0.00449800,0.00450100,0.00449800,0.00450000,22.95000000
2017-11-11 20:59:00.000000,0.00450100,0.00450400,0.00449800,0.00449800,40.79000000
2017-11-11 21:00:00.000000,0.00449800,0.00449800,0.00449800,0.00449800,0.00000000
2017-11-11 21:01:00.000000,0.00449600,0.00449600,0.00448000,0.00448000,64.60000000
2017-11-11 21:02:00.000000,0.00449300,0.00449300,0.00449300,0.00449300,46.19000000
2017-11-11 21:03:00.000000,0.00448300,0.00448300,0.00448300,0.00448300,5.00000000
2017-11-11 21:04:00.000000,0.00448400,0.00449200,0.00448000,0.00449200,377.42000000
2017-11-11 21:05:00.000000,0.00448000,0.00449700,0.00448000,0.00449700,87.13000000
2017-11-11 21:06:00.000000,0.00447700,0.00448800,0.00446100,0.00446500,228.78000000
2017-11-11 21:07:00.000000,0.00448900,0.00449600,0.00448600,0.00449600,175.31000000
2017-11-11 21:08:00.000000,0.00447700,0.00447900,0.00447700,0.00447900,300.98000000
2017-11-11 21:09:00.000000,0.00449500,0.00453000,0.00449500,0.00453000,534.52000000
2017-11-11 21:10:00.000000,0.00452800,0.00452900,0.00452500,0.00452500,42.00000000
2017-11-11 21:11:00.000000,0.00452500,0.00452500,0.00452500,0.00452500,65.35000000
2017-11-11 21:12:00.000000,0.00452500,0.00452900,0.00452500,0.00452800,97.87000000
2017-11-11 21:13:00.000000,0.00452700,0.00452700,0.00451200,0.00451200,149.67000000
2017-11-11 21:14:00.000000,0.00452800,0.00453900,0.00452800,0.00452800,658.61000000
2017-11-11 21:15:00.000000,0.00453400,0.00453600,0.00453300,0.00453600,800.37000000
2017-11-11 21:16:00.000000,0.00453100,0.00453200,0.00453100,0.00453100,2036.04000000
2017-11-11 21:17:00.000000,0.00453000,0.00453100,0.00453000,0.00453100,785.02000000
2017-11-11 21:18:00.000000,0.00453100,0.00453100,0.00453100,0.00453100,685.02000000
2017-11-11 21:19:00.000000,0.00453000,0.00453000,0.00452700,0.00452900,404.31000000
2017-11-11 21:20:00.000000,0.00452800,0.00452800,0.00452500,0.00452600,470.51000000
2017-11-11 21:21:00.000000,0.00452600,0.00452600,0.00452600,0.00452600,1086.03000000
2017-11-11 21:22:00.000000,0.00452700,0.00452800,0.00452700,0.00452800,265.92000000
2017-11-11 21:23:00.000000,0.00452800,0.00452800,0.00452600,0.00452600,236.54000000
2017-11-11 21:24:00.000000,0.00452500,0.00453000,0.00450500,0.00450500,106.70000000
2017-11-11 21:25:00.000000,0.00450500,0.00450600,0.00447500,0.00450500,177.93000000
2017-11-11 21:26:00.000000,0.00447900,0.00450300,0.00447900,0.00450300,36.82000000
2017-11-11 21:27:00.000000,0.00448000,0.00448100,0.00448000,0.00448100,29.69000000
2017-11-11 21:28:00.000000,0.00448100,0.00448100,0.00447900,0.00447900,146.89000000
2017-11-11 21:29:00.000000,0.00448200,0.00448200,0.00448200,0.00448200,72.64000000
2017-11-11 21:30:00.000000,0.00448400,0.00450400,0.00448200,0.00450400,277.34000000
2017-11-11 21:31:00.000000,0.00449100,0.00449100,0.00449100,0.00449100,272.44000000
2017-11-11 21:32:00.000000,0.00449100,0.00450000,0.00449100,0.00450000,167.83000000
2017-11-11 21:33:00.000000,0.00450000,0.00450000,0.00449200,0.00449200,129.41000000
2017-11-11 21:34:00.000000,0.00449200,0.00450000,0.00449200,0.00449300,45.41000000
2017-11-11 21:35:00.000000,0.00450000,0.00450000,0.00449200,0.00449200,67.35000000
2017-11-11 21:36:00.000000,0.00449200,0.00450000,0.00449200,0.00450000,151.38000000
2017-11-11 21:37:00.000000,0.00450200,0.00451900,0.00450100,0.00450100,314.14000000
2017-11-11 21:38:00.000000,0.00450100,0.00450100,0.00449100,0.00449500,178.55000000
2017-11-11 21:39:00.000000,0.00449500,0.00450500,0.00449200,0.00450500,131.33000000
2017-11-11 21:40:00.000000,0.00450500,0.00450500,0.00449300,0.00449300,92.70000000
2017-11-11 21:41:00.000000,0.00449300,0.00450500,0.00448000,0.00448000,176.08000000
2017-11-11 21:42:00.000000,0.00450400,0.00450400,0.00448000,0.00450400,38.70000000
2017-11-11 21:43:00.000000,0.00450400,0.00450400,0.00448100,0.00450400,21.12000000
2017-11-11 21:44:00.000000,0.00450400,0.00450500,0.00450400,0.00450500,28.69000000
2017-11-11 21:45:00.000000,0.00450500,0.00450500,0.00450500,0.00450500,52.12000000
2017-11-11 21:46:00.000000,0.00447600,0.00447600,0.00447600,0.00447600,9.73000000
2017-11-11 21:47:00.000000,0.00447500,0.00447500,0.00445500,0.00445500,1113.34000000
2017-11-11 21:48:00.000000,0.00447300,0.00447300,0.00445700,0.00447200,42.54000000
2017-11-11 21:49:00.000000,0.00447200,0.00447400,0.00447100,0.00447400,65.79000000
2017-11-11 21:50:00.000000,0.00447100,0.00447100,0.00446300,0.00446300,564.95000000
2017-11-11 21:51:00.000000,0.00447100,0.00447500,0.00446100,0.00447400,581.67000000
2017-11-11 21:52:00.000000,0.00447500,0.00447500,0.00446100,0.00446100,220.43000000
2017-11-11 21:53:00.000000,0.00447400,0.00447400,0.00447400,0.00447400,107.31000000
2017-11-11 21:54:00.000000,0.00445900,0.00447000,0.00444600,0.00445100,458.90000000
2017-11-11 21:55:00.000000,0.00445100,0.00445100,0.00445100,0.00445100,0.00000000
2017-11-11 21:56:00.000000,0.00445200,0.00447300,0.00444900,0.00447300,109.39000000
2017-11-11 21:57:00.000000,0.00446900,0.00446900,0.00440000,0.00440000,1001.95000000
2017-11-11 21:58:00.000000,0.00445400,0.00446900,0.00430000,0.00441400,8451.35000000
2017-11-11 21:59:00.000000,0.00441500,0.00442900,0.00441500,0.00442900,157.49000000
2017-11-11 22:00:00.000000,0.00442800,0.00442900,0.00430000,0.00441900,1219.29000000
2017-11-11 22:01:00.000000,0.00441900,0.00442000,0.00430000,0.00439400,3307.69000000
2017-11-11 22:02:00.000000,0.00437800,0.00440000,0.00437800,0.00440000,617.73000000
2017-11-11 22:03:00.000000,0.00439700,0.00440300,0.00439700,0.00440200,162.47000000
2017-11-11 22:04:00.000000,0.00440300,0.00440300,0.00440200,0.00440200,40.05000000
2017-11-11 22:05:00.000000,0.00440500,0.00441600,0.00440500,0.00441600,409.44000000
2017-11-11 22:06:00.000000,0.00441700,0.00442900,0.00440600,0.00440600,725.70000000
2017-11-11 22:07:00.000000,0.00440600,0.00440600,0.00438500,0.00438500,20.66000000
2017-11-11 22:08:00.000000,0.00442900,0.00443000,0.00439300,0.00439300,41.30000000
2017-11-11 22:09:00.000000,0.00443000,0.00443300,0.00443000,0.00443000,34.08000000
2017-11-11 22:10:00.000000,0.00441200,0.00442900,0.00441200,0.00441200,172.88000000
2017-11-11 22:11:00.000000,0.00443000,0.00445800,0.00442100,0.00445800,300.63000000
2017-11-11 22:12:00.000000,0.00445900,0.00446900,0.00444500,0.00444800,89.92000000
2017-11-11 22:13:00.000000,0.00444800,0.00444800,0.00444800,0.00444800,0.00000000
2017-11-11 22:14:00.000000,0.00446500,0.00446800,0.00446500,0.00446800,122.29000000
2017-11-11 22:15:00.000000,0.00446800,0.00446800,0.00446800,0.00446800,0.00000000
2017-11-11 22:16:00.000000,0.00447300,0.00447400,0.00447300,0.00447400,30.43000000
2017-11-11 22:17:00.000000,0.00446700,0.00446700,0.00446700,0.00446700,5.00000000
2017-11-11 22:18:00.000000,0.00446700,0.00446700,0.00446700,0.00446700,0.00000000
2017-11-11 22:19:00.000000,0.00444100,0.00446600,0.00444100,0.00446600,151.36000000
2017-11-11 22:20:00.000000,0.00446400,0.00446400,0.00446400,0.00446400,61.39000000
2017-11-11 22:21:00.000000,0.00445900,0.00446800,0.00443900,0.00443900,91.18000000
2017-11-11 22:22:00.000000,0.00446700,0.00446700,0.00445000,0.00445000,33.14000000
2017-11-11 22:23:00.000000,0.00444000,0.00444000,0.00444000,0.00444000,60.34000000
2017-11-11 22:24:00.000000,0.00444000,0.00445600,0.00443200,0.00445600,156.98000000
2017-11-11 22:25:00.000000,0.00444600,0.00444600,0.00443200,0.00443200,80.62000000
2017-11-11 22:26:00.000000,0.00442100,0.00443000,0.00442100,0.00443000,69.46000000
2017-11-11 22:27:00.000000,0.00442100,0.00442100,0.00442000,0.00442000,37.43000000
2017-11-11 22:28:00.000000,0.00442000,0.00443400,0.00442000,0.00442000,92.41000000
2017-11-11 22:29:00.000000,0.00442000,0.00444600,0.00442000,0.00444500,251.82000000
2017-11-11 22:30:00.000000,0.00444600,0.00447400,0.00444600,0.00445300,145.68000000
2017-11-11 22:31:00.000000,0.00445300,0.00445300,0.00445300,0.00445300,0.00000000
2017-11-11 22:32:00.000000,0.00445300,0.00445300,0.00445300,0.00445300,63.90000000
2017-11-11 22:33:00.000000,0.00445300,0.00445300,0.00445300,0.00445300,0.00000000
2017-11-11 22:34:00.000000,0.00445300,0.00446500,0.00445300,0.00446500,36.37000000
2017-11-11 22:35:00.000000,0.00446000,0.00446100,0.00442100,0.00442100,63.46000000
2017-11-11 22:36:00.000000,0.00442100,0.00446100,0.00442100,0.00446100,32.48000000
2017-11-11 22:37:00.000000,0.00447300,0.00447300,0.00442400,0.00442400,107.86000000
2017-11-11 22:38:00.000000,0.00443800,0.00447200,0.00443800,0.00447200,13.84000000
2017-11-11 22:39:00.000000,0.00447000,0.00447300,0.00447000,0.00447300,33.72000000
2017-11-11 22:40:00.000000,0.00447300,0.00448800,0.00447200,0.00447300,518.55000000
2017-11-11 22:41:00.000000,0.00448700,0.00448700,0.00447900,0.00447900,236.39000000
2017-11-11 22:42:00.000000,0.00448000,0.00448800,0.00447900,0.00448700,70.84000000
2017-11-11 22:43:00.000000,0.00448000,0.00448700,0.00447200,0.00448700,319.81000000
2017-11-11 22:44:00.000000,0.00447200,0.00448700,0.00447200,0.00447300,223.22000000
2017-11-11 22:45:00.000000,0.00448500,0.00448500,0.00447300,0.00447900,36.69000000
2017-11-11 22:46:00.000000,0.00447300,0.00448500,0.00447300,0.00448400,115.55000000
2017-11-11 22:47:00.000000,0.00448500,0.00449200,0.00448200,0.00448800,394.37000000
2017-11-11 22:48:00.000000,0.00448800,0.00448900,0.00448800,0.00448900,108.32000000
2017-11-11 22:49:00.000000,0.00448800,0.00448900,0.00448700,0.00448800,344.55000000
2017-11-11 22:50:00.000000,0.00448800,0.00448800,0.00448600,0.00448600,516.04000000
2017-11-11 22:51:00.000000,0.00448400,0.00448700,0.00447900,0.00448700,120.07000000
2017-11-11 22:52:00.000000,0.00448700,0.00448800,0.00446600,0.00446600,272.43000000
2017-11-11 22:53:00.000000,0.00448600,0.00448700,0.00448400,0.00448700,123.17000000
2017-11-11 22:54:00.000000,0.00448500,0.00448500,0.00448500,0.00448500,103.58000000
2017-11-11 22:55:00.000000,0.00448500,0.00448900,0.00447100,0.00448800,500.21000000
2017-11-11 22:56:00.000000,0.00447800,0.00448000,0.00447700,0.00447900,148.76000000
2017-11-11 22:57:00.000000,0.00447800,0.00447800,0.00445500,0.00445500,41.48000000
2017-11-11 22:58:00.000000,0.00447300,0.00447400,0.00447300,0.00447400,69.93000000
2017-11-11 22:59:00.000000,0.00447700,0.00447800,0.00447300,0.00447700,79.01000000
2017-11-11 23:00:00.000000,0.00448000,0.00448500,0.00448000,0.00448500,6.00000000
2017-11-11 23:01:00.000000,0.00448500,0.00448500,0.00446500,0.00446500,121.80000000
2017-11-11 23:02:00.000000,0.00448400,0.00448600,0.00447100,0.00447200,175.80000000
2017-11-11 23:03:00.000000,0.00448400,0.00448600,0.00447200,0.00447200,388.57000000
2017-11-11 23:04:00.000000,0.00447200,0.00448600,0.00447200,0.00447200,386.74000000
2017-11-11 23:05:00.000000,0.00447200,0.00448600,0.00447200,0.00448600,297.31000000
2017-11-11 23:06:00.000000,0.00448600,0.00448900,0.00447100,0.00447200,361.27000000
2017-11-11 23:07:00.000000,0.00447100,0.00448300,0.00447000,0.00448300,306.02000000
2017-11-11 23:08:00.000000,0.00448200,0.00448200,0.00448200,0.00448200,316.57000000
2017-11-11 23:09:00.000000,0.00448200,0.00448200,0.00448200,0.00448200,507.45000000
2017-11-11 23:10:00.000000,0.00448100,0.00448200,0.00448100,0.00448200,561.49000000
2017-11-11 23:11:00.000000,0.00448200,0.00448200,0.00447900,0.00447900,883.04000000
2017-11-11 23:12:00.000000,0.00447900,0.00447900,0.00447900,0.00447900,51.48000000
2017-11-11 23:13:00.000000,0.00447900,0.00447900,0.00447000,0.00447900,108.32000000
2017-11-11 23:14:00.000000,0.00447900,0.00447900,0.00447900,0.00447900,80.48000000
2017-11-11 23:15:00.000000,0.00447900,0.00447900,0.00447900,0.00447900,196.62000000
2017-11-11 23:16:00.000000,0.00447900,0.00447900,0.00447900,0.00447900,1166.50000000
2017-11-11 23:17:00.000000,0.00447300,0.00447900,0.00447300,0.00447900,726.35000000
2017-11-11 23:18:00.000000,0.00447800,0.00447900,0.00447700,0.00447700,101.54000000
2017-11-11 23:19:00.000000,0.00447700,0.00447900,0.00447700,0.00447900,484.87000000
2017-11-11 23:20:00.000000,0.00447900,0.00447900,0.00447300,0.00447900,546.93000000
2017-11-11 23:21:00.000000,0.00447900,0.00447900,0.00447200,0.00447200,992.75000000
2017-11-11 23:22:00.000000,0.00447100,0.00447900,0.00447100,0.00447300,81.69000000
2017-11-11 23:23:00.000000,0.00447900,0.00447900,0.00447300,0.00447900,41.78000000
2017-11-11 23:24:00.000000,0.00447900,0.00447900,0.00447400,0.00447900,30.99000000
2017-11-11 23:25:00.000000,0.00447300,0.00447400,0.00447300,0.00447400,86.02000000
2017-11-11 23:26:00.000000,0.00447500,0.00448000,0.00447500,0.00447900,78.94000000
2017-11-11 23:27:00.000000,0.00447900,0.00447900,0.00447500,0.00447900,92.65000000
2017-11-11 23:28:00.000000,0.00447500,0.00447900,0.00447500,0.00447600,198.53000000
2017-11-11 23:29:00.000000,0.00447700,0.00448000,0.00447700,0.00447900,398.10000000
2017-11-11 23:30:00.000000,0.00448000,0.00448200,0.00448000,0.00448200,117.75000000
2017-11-11 23:31:00.000000,0.00448300,0.00448800,0.00448300,0.00448500,204.49000000
2017-11-11 23:32:00.000000,0.00448500,0.00448500,0.00448400,0.00448500,44.11000000
2017-11-11 23:33:00.000000,0.00448400,0.00449800,0.00448400,0.00449800,74.32000000
2017-11-11 23:34:00.000000,0.00449000,0.00450000,0.00449000,0.00450000,362.08000000
2017-11-11 23:35:00.000000,0.00450000,0.00450100,0.00447100,0.00450100,173.20000000
2017-11-11 23:36:00.000000,0.00450000,0.00450100,0.00450000,0.00450100,50.11000000
2017-11-11 23:37:00.000000,0.00450000,0.00450000,0.00449700,0.00449700,11.98000000
2017-11-11 23:38:00.000000,0.00449900,0.00450000,0.00449900,0.00450000,82.35000000
2017-11-11 23:39:00.000000,0.00449900,0.00450000,0.00449900,0.00450000,75.31000000
2017-11-11 23:40:00.000000,0.00449900,0.00450000,0.00448600,0.00448600,202.96000000
2017-11-11 23:41:00.000000,0.00449900,0.00449900,0.00448600,0.00449800,158.04000000
2017-11-11 23:42:00.000000,0.00449600,0.00449800,0.00448600,0.00449800,267.06000000
2017-11-11 23:43:00.000000,0.00448800,0.00449800,0.00448700,0.00448800,356.73000000
2017-11-11 23:44:00.000000,0.00449700,0.00449700,0.00448700,0.00449700,85.87000000
2017-11-11 23:45:00.000000,0.00448800,0.00449900,0.00448800,0.00449900,149.66000000
2017-11-11 23:46:00.000000,0.00449800,0.00450100,0.00448800,0.00449900,26.29000000
2017-11-11 23:47:00.000000,0.00449900,0.00449900,0.00448800,0.00448800,29.96000000
2017-11-11 23:48:00.000000,0.00448900,0.00448900,0.00448900,0.00448900,37.22000000
2017-11-11 23:49:00.000000,0.00449900,0.00449900,0.00448900,0.00449900,59.83000000
2017-11-11 23:50:00.000000,0.00449000,0.00449900,0.00448900,0.00449900,92.80000000
2017-11-11 23:51:00.000000,0.00448800,0.00449900,0.00448800,0.00448800,114.69000000
2017-11-11 23:52:00.000000,0.00448800,0.00448800,0.00448800,0.00448800,386.18000000
2017-11-11 23:53:00.000000,0.00449900,0.00449900,0.00448700,0.00448800,691.37000000
2017-11-11 23:54:00.000000,0.00448900,0.00450000,0.00448900,0.00448900,631.58000000
2017-11-11 23:55:00.000000,0.00448900,0.00448900,0.00448900,0.00448900,592.00000000
2017-11-11 23:56:00.000000,0.00449000,0.00449100,0.00449000,0.00449000,1719.04000000
2017-11-11 23:57:00.000000,0.00449100,0.00450000,0.00449100,0.00450000,1245.62000000
2017-11-11 23:58:00.000000,0.00450100,0.00450100,0.00448900,0.00450000,1061.42000000
2017-11-11 23:59:00.000000,0.00450000,0.00450000,0.00449900,0.00449900,251.99000000
2017-11-12 00:00:00.000000,0.00448800,0.00448800,0.00448600,0.00448600,12.15000000
