Date,Open,High,Low,Close,Volume
2018-05-24 00:00:00.000000,0.02274200,0.02284900,0.02274200,0.02276000,22.89000000
2018-05-24 00:01:00.000000,0.02277800,0.02284500,0.02274300,0.02282600,1.48500000
2018-05-24 00:02:00.000000,0.02274200,0.02277800,0.02274200,0.02274400,21.74100000
2018-05-24 00:03:00.000000,0.02274700,0.02279300,0.02274600,0.02279300,1.13800000
2018-05-24 00:04:00.000000,0.02275900,0.02275900,0.02275500,0.02275600,4.51200000
2018-05-24 00:05:00.000000,0.02279700,0.02280600,0.02276300,0.02276500,18.39100000
2018-05-24 00:06:00.000000,0.02277400,0.02284500,0.02277400,0.02282400,35.06800000
2018-05-24 00:07:00.000000,0.02282400,0.02282400,0.02280000,0.02280100,61.25300000
2018-05-24 00:08:00.000000,0.02280100,0.02280100,0.02270200,0.02270200,382.28300000
2018-05-24 00:09:00.000000,0.02273800,0.02273800,0.02270000,0.02270000,1.02800000
2018-05-24 00:10:00.000000,0.02271900,0.02274000,0.02270000,0.02270000,12.24300000
2018-05-24 00:11:00.000000,0.02268500,0.02268500,0.02258000,0.02263700,248.30500000
2018-05-24 00:12:00.000000,0.02263700,0.02263700,0.02254900,0.02259900,11.85100000
2018-05-24 00:13:00.000000,0.02257500,0.02259400,0.02252500,0.02258000,1.75200000
2018-05-24 00:14:00.000000,0.02257900,0.02260200,0.02257900,0.02259900,42.41400000
2018-05-24 00:15:00.000000,0.02259800,0.02259800,0.02248200,0.02249800,266.41900000
2018-05-24 00:16:00.000000,0.02249600,0.02249800,0.02248200,0.02249800,11.50200000
2018-05-24 00:17:00.000000,0.02249800,0.02249800,0.02244300,0.02244500,493.37600000
2018-05-24 00:18:00.000000,0.02244500,0.02250000,0.02244300,0.02250000,390.77900000
2018-05-24 00:19:00.000000,0.02250000,0.02250200,0.02245400,0.02248700,3.93000000
2018-05-24 00:20:00.000000,0.02248600,0.02248700,0.02244900,0.02248700,20.62400000
2018-05-24 00:21:00.000000,0.02248700,0.02250300,0.02248000,0.02250300,12.16200000
2018-05-24 00:22:00.000000,0.02247800,0.02254200,0.02247700,0.02253900,30.89100000
2018-05-24 00:23:00.000000,0.02248800,0.02249100,0.02248800,0.02248800,6.86000000
2018-05-24 00:24:00.000000,0.02253000,0.02256100,0.02247700,0.02256100,9.80000000
2018-05-24 00:25:00.000000,0.02256100,0.02256100,0.02250900,0.02256000,1.61100000
2018-05-24 00:26:00.000000,0.02255800,0.02256100,0.02250200,0.02251600,2.24500000
2018-05-24 00:27:00.000000,0.02256200,0.02256200,0.02251600,0.02256100,80.74000000
2018-05-24 00:28:00.000000,0.02252600,0.02259300,0.02252600,0.02257900,51.25900000
2018-05-24 00:29:00.000000,0.02257600,0.02258300,0.02257600,0.02258300,97.70800000
2018-05-24 00:30:00.000000,0.02257900,0.02258000,0.02253800,0.02257700,45.18600000
2018-05-24 00:31:00.000000,0.02257000,0.02258400,0.02246000,0.02246100,111.94900000
2018-05-24 00:32:00.000000,0.02252000,0.02252300,0.02246200,0.02251900,12.04700000
2018-05-24 00:33:00.000000,0.02251200,0.02251900,0.02249500,0.02250800,73.41200000
2018-05-24 00:34:00.000000,0.02250800,0.02250800,0.02250600,0.02250700,7.74400000
2018-05-24 00:35:00.000000,0.02250700,0.02256000,0.02250700,0.02256000,2.89000000
2018-05-24 00:36:00.000000,0.02255700,0.02256000,0.02255700,0.02256000,2.00000000
2018-05-24 00:37:00.000000,0.02253200,0.02255500,0.02253200,0.02255500,0.18300000
2018-05-24 00:38:00.000000,0.02254200,0.02259000,0.02254200,0.02255500,29.22400000
2018-05-24 00:39:00.000000,0.02255600,0.02259300,0.02255600,0.02257900,42.93400000
2018-05-24 00:40:00.000000,0.02257900,0.02257900,0.02257000,0.02257000,52.94500000
2018-05-24 00:41:00.000000,0.02257900,0.02263100,0.02257600,0.02263100,66.27600000
2018-05-24 00:42:00.000000,0.02258100,0.02262500,0.02258100,0.02258200,39.39500000
2018-05-24 00:43:00.000000,0.02262500,0.02262600,0.02258100,0.02258200,33.14600000
2018-05-24 00:44:00.000000,0.02258300,0.02263500,0.02258300,0.02263500,21.34600000
2018-05-24 00:45:00.000000,0.02263500,0.02266300,0.02259600,0.02266300,37.58100000
2018-05-24 00:46:00.000000,0.02269200,0.02269900,0.02264300,0.02264700,9.44200000
2018-05-24 00:47:00.000000,0.02265500,0.02268900,0.02265500,0.02268300,1.15500000
2018-05-24 00:48:00.000000,0.02268300,0.02268300,0.02255800,0.02260000,23.75600000
2018-05-24 00:49:00.000000,0.02257200,0.02260000,0.02257200,0.02260000,0.62600000
2018-05-24 00:50:00.000000,0.02260000,0.02260000,0.02258200,0.02260000,2.77100000
2018-05-24 00:51:00.000000,0.02260000,0.02265300,0.02258100,0.02265300,39.15200000
2018-05-24 00:52:00.000000,0.02265900,0.02270200,0.02261500,0.02266000,5.31900000
2018-05-24 00:53:00.000000,0.02265900,0.02267300,0.02265900,0.02266600,46.81000000
2018-05-24 00:54:00.000000,0.02266800,0.02267900,0.02266800,0.02267300,8.40800000
2018-05-24 00:55:00.000000,0.02267000,0.02267300,0.02266100,0.02266100,29.05000000
2018-05-24 00:56:00.000000,0.02269500,0.02269500,0.02258100,0.02258100,70.02600000
2018-05-24 00:57:00.000000,0.02262600,0.02268600,0.02262600,0.02264000,4.09000000
2018-05-24 00:58:00.000000,0.02264200,0.02264700,0.02263600,0.02264700,2.27100000
2018-05-24 00:59:00.000000,0.02264800,0.02265300,0.02264800,0.02265300,2.86600000
2018-05-24 01:00:00.000000,0.02265400,0.02265400,0.02264800,0.02265100,7.82500000
2018-05-24 01:01:00.000000,0.02268500,0.02272700,0.02267800,0.02267900,1.12900000
2018-05-24 01:02:00.000000,0.02268100,0.02268200,0.02268100,0.02268200,4.25900000
2018-05-24 01:03:00.000000,0.02268100,0.02272800,0.02266400,0.02266400,24.40100000
2018-05-24 01:04:00.000000,0.02265500,0.02265900,0.02262800,0.02265900,28.56000000
2018-05-24 01:05:00.000000,0.02262800,0.02262800,0.02262800,0.02262800,0.59300000
2018-05-24 01:06:00.000000,0.02269300,0.02274800,0.02269200,0.02274200,28.53800000
2018-05-24 01:07:00.000000,0.02273400,0.02277000,0.02268700,0.02276800,9.85700000
2018-05-24 01:08:00.000000,0.02275900,0.02277000,0.02270500,0.02270700,1.94000000
2018-05-24 01:09:00.000000,0.02276700,0.02283000,0.02270400,0.02276300,59.91600000
2018-05-24 01:10:00.000000,0.02276300,0.02276300,0.02273500,0.02273700,10.91000000
2018-05-24 01:11:00.000000,0.02277500,0.02277500,0.02274300,0.02275400,1.98200000
2018-05-24 01:12:00.000000,0.02275300,0.02277500,0.02274500,0.02277500,5.91700000
2018-05-24 01:13:00.000000,0.02275100,0.02277500,0.02275100,0.02277500,0.84100000
2018-05-24 01:14:00.000000,0.02277400,0.02277500,0.02274900,0.02277400,9.76300000
2018-05-24 01:15:00.000000,0.02277500,0.02277500,0.02277500,0.02277500,2.24800000
2018-05-24 01:16:00.000000,0.02277500,0.02278600,0.02277400,0.02277500,3.46000000
2018-05-24 01:17:00.000000,0.02277500,0.02278600,0.02277500,0.02277500,13.80500000
2018-05-24 01:18:00.000000,0.02277500,0.02280400,0.02277500,0.02280400,20.05500000
2018-05-24 01:19:00.000000,0.02277500,0.02284200,0.02277500,0.02281800,61.77800000
2018-05-24 01:20:00.000000,0.02281800,0.02281800,0.02279100,0.02279100,62.37100000
2018-05-24 01:21:00.000000,0.02280200,0.02280200,0.02279100,0.02279100,21.95100000
2018-05-24 01:22:00.000000,0.02279800,0.02280400,0.02279100,0.02280400,28.63500000
2018-05-24 01:23:00.000000,0.02279200,0.02280400,0.02273500,0.02273600,57.98200000
2018-05-24 01:24:00.000000,0.02275700,0.02279300,0.02273500,0.02273500,5.28400000
2018-05-24 01:25:00.000000,0.02279300,0.02280300,0.02279300,0.02280300,8.21800000
2018-05-24 01:26:00.000000,0.02279400,0.02280100,0.02272400,0.02272400,13.08400000
2018-05-24 01:27:00.000000,0.02279400,0.02281200,0.02275900,0.02275900,7.29500000
2018-05-24 01:28:00.000000,0.02280700,0.02281300,0.02278400,0.02278900,11.34300000
2018-05-24 01:29:00.000000,0.02278900,0.02281700,0.02278400,0.02281700,24.41500000
2018-05-24 01:30:00.000000,0.02281600,0.02281700,0.02278500,0.02280900,31.36500000
2018-05-24 01:31:00.000000,0.02281100,0.02281700,0.02280900,0.02281700,25.27200000
2018-05-24 01:32:00.000000,0.02281100,0.02281700,0.02281100,0.02281300,31.07300000
2018-05-24 01:33:00.000000,0.02284200,0.02285000,0.02284200,0.02285000,2.11300000
2018-05-24 01:34:00.000000,0.02285000,0.02286700,0.02284300,0.02284600,20.23900000
2018-05-24 01:35:00.000000,0.02287500,0.02288200,0.02282200,0.02283000,16.93400000
2018-05-24 01:36:00.000000,0.02288100,0.02288100,0.02288100,0.02288100,0.97000000
2018-05-24 01:37:00.000000,0.02288100,0.02288200,0.02283900,0.02283900,4.73500000
2018-05-24 01:38:00.000000,0.02283900,0.02297000,0.02283900,0.02297000,73.91000000
2018-05-24 01:39:00.000000,0.02294300,0.02298400,0.02292200,0.02293400,17.87100000
2018-05-24 01:40:00.000000,0.02297500,0.02299800,0.02290000,0.02297500,43.68700000
2018-05-24 01:41:00.000000,0.02297500,0.02300000,0.02293400,0.02294900,39.11300000
2018-05-24 01:42:00.000000,0.02299700,0.02300000,0.02295000,0.02300000,43.07600000
2018-05-24 01:43:00.000000,0.02300000,0.02303500,0.02295300,0.02303300,3.63500000
2018-05-24 01:44:00.000000,0.02298500,0.02303500,0.02297600,0.02301700,22.36400000
2018-05-24 01:45:00.000000,0.02301700,0.02303300,0.02297700,0.02298800,6.64000000
2018-05-24 01:46:00.000000,0.02303400,0.02303800,0.02299100,0.02303600,7.76600000
2018-05-24 01:47:00.000000,0.02303800,0.02310000,0.02303600,0.02309900,59.70800000
2018-05-24 01:48:00.000000,0.02309900,0.02315300,0.02303900,0.02305300,35.70000000
2018-05-24 01:49:00.000000,0.02312100,0.02312100,0.02306700,0.02310600,12.96500000
2018-05-24 01:50:00.000000,0.02310600,0.02315100,0.02305600,0.02307600,49.48300000
2018-05-24 01:51:00.000000,0.02307300,0.02314900,0.02307300,0.02308000,6.19500000
2018-05-24 01:52:00.000000,0.02311900,0.02322000,0.02309700,0.02314100,67.73300000
2018-05-24 01:53:00.000000,0.02321300,0.02328000,0.02314300,0.02320800,35.47700000
2018-05-24 01:54:00.000000,0.02320900,0.02328000,0.02317900,0.02328000,51.37300000
2018-05-24 01:55:00.000000,0.02320600,0.02327400,0.02320300,0.02322700,10.36300000
2018-05-24 01:56:00.000000,0.02322800,0.02332600,0.02322300,0.02332000,98.23300000
2018-05-24 01:57:00.000000,0.02323300,0.02332600,0.02322600,0.02332400,25.44300000
2018-05-24 01:58:00.000000,0.02323600,0.02332700,0.02323300,0.02325000,8.62700000
2018-05-24 01:59:00.000000,0.02324900,0.02335000,0.02322700,0.02327000,81.48100000
2018-05-24 02:00:00.000000,0.02327100,0.02337500,0.02324200,0.02330900,104.95400000
2018-05-24 02:01:00.000000,0.02327100,0.02337500,0.02323700,0.02337200,92.88200000
2018-05-24 02:02:00.000000,0.02326300,0.02337100,0.02325600,0.02329700,15.57600000
2018-05-24 02:03:00.000000,0.02329700,0.02334100,0.02329100,0.02330200,8.45900000
2018-05-24 02:04:00.000000,0.02330300,0.02331700,0.02325300,0.02325500,37.42900000
2018-05-24 02:05:00.000000,0.02327100,0.02333000,0.02325400,0.02326100,25.24400000
2018-05-24 02:06:00.000000,0.02329500,0.02331800,0.02325200,0.02325400,45.34300000
2018-05-24 02:07:00.000000,0.02325500,0.02332000,0.02317600,0.02325200,74.64900000
2018-05-24 02:08:00.000000,0.02331000,0.02332000,0.02329700,0.02332000,38.46200000
2018-05-24 02:09:00.000000,0.02332000,0.02332000,0.02326300,0.02329100,31.81900000
2018-05-24 02:10:00.000000,0.02329100,0.02329800,0.02329100,0.02329800,6.59700000
2018-05-24 02:11:00.000000,0.02325500,0.02326400,0.02325500,0.02326400,11.90400000
2018-05-24 02:12:00.000000,0.02326300,0.02329000,0.02326200,0.02329000,2.95700000
2018-05-24 02:13:00.000000,0.02328700,0.02334100,0.02328200,0.02334100,78.04600000
2018-05-24 02:14:00.000000,0.02333400,0.02334100,0.02322400,0.02329500,69.92300000
2018-05-24 02:15:00.000000,0.02330200,0.02333400,0.02329500,0.02331000,21.93500000
2018-05-24 02:16:00.000000,0.02333900,0.02335000,0.02331000,0.02335000,35.59400000
2018-05-24 02:17:00.000000,0.02335900,0.02335900,0.02329500,0.02333500,13.77900000
2018-05-24 02:18:00.000000,0.02333500,0.02333500,0.02329600,0.02330000,1.19000000
2018-05-24 02:19:00.000000,0.02333000,0.02333600,0.02329600,0.02333500,15.50300000
2018-05-24 02:20:00.000000,0.02333500,0.02333500,0.02329600,0.02329700,62.90000000
2018-05-24 02:21:00.000000,0.02329700,0.02333500,0.02329700,0.02329700,22.84200000
2018-05-24 02:22:00.000000,0.02331600,0.02331600,0.02329600,0.02329600,62.32000000
2018-05-24 02:23:00.000000,0.02331600,0.02334600,0.02329600,0.02334600,67.63500000
2018-05-24 02:24:00.000000,0.02329900,0.02334400,0.02329900,0.02333800,57.83100000
2018-05-24 02:25:00.000000,0.02334300,0.02334800,0.02330100,0.02330200,64.86700000
2018-05-24 02:26:00.000000,0.02330300,0.02333800,0.02329700,0.02329700,13.05900000
2018-05-24 02:27:00.000000,0.02332200,0.02334300,0.02330100,0.02330300,42.81300000
2018-05-24 02:28:00.000000,0.02332300,0.02334300,0.02329700,0.02334300,30.41400000
2018-05-24 02:29:00.000000,0.02334300,0.02334300,0.02329400,0.02334300,22.07500000
2018-05-24 02:30:00.000000,0.02329500,0.02334200,0.02329500,0.02329800,18.20900000
2018-05-24 02:31:00.000000,0.02329800,0.02334100,0.02325600,0.02325700,4.73000000
2018-05-24 02:32:00.000000,0.02326000,0.02332800,0.02320700,0.02331300,47.96400000
2018-05-24 02:33:00.000000,0.02330000,0.02330700,0.02320400,0.02320800,28.35800000
2018-05-24 02:34:00.000000,0.02321200,0.02331200,0.02321200,0.02321500,16.12600000
2018-05-24 02:35:00.000000,0.02321700,0.02328700,0.02321500,0.02321500,31.72000000
2018-05-24 02:36:00.000000,0.02327000,0.02329300,0.02320000,0.02320000,31.88200000
2018-05-24 02:37:00.000000,0.02317100,0.02328700,0.02312900,0.02313100,286.18500000
2018-05-24 02:38:00.000000,0.02313200,0.02321700,0.02313000,0.02313900,6.99700000
2018-05-24 02:39:00.000000,0.02313900,0.02322400,0.02307200,0.02313800,65.06600000
2018-05-24 02:40:00.000000,0.02313800,0.02314700,0.02313700,0.02314700,3.51500000
2018-05-24 02:41:00.000000,0.02314800,0.02319100,0.02314500,0.02317900,17.34400000
2018-05-24 02:42:00.000000,0.02317700,0.02319500,0.02314500,0.02319500,5.37000000
2018-05-24 02:43:00.000000,0.02319500,0.02322200,0.02308700,0.02308700,67.83500000
2018-05-24 02:44:00.000000,0.02320700,0.02320700,0.02315600,0.02315700,78.04400000
2018-05-24 02:45:00.000000,0.02319400,0.02319900,0.02315600,0.02315700,38.88500000
2018-05-24 02:46:00.000000,0.02319600,0.02319600,0.02315600,0.02315700,19.78600000
2018-05-24 02:47:00.000000,0.02319500,0.02319500,0.02315700,0.02316100,7.11300000
2018-05-24 02:48:00.000000,0.02316100,0.02319700,0.02315700,0.02319700,8.14100000
2018-05-24 02:49:00.000000,0.02316200,0.02319700,0.02315500,0.02315500,2.37900000
2018-05-24 02:50:00.000000,0.02310600,0.02310900,0.02306600,0.02306600,22.58700000
2018-05-24 02:51:00.000000,0.02314700,0.02316600,0.02314700,0.02316600,30.30600000
2018-05-24 02:52:00.000000,0.02317900,0.02318000,0.02317900,0.02318000,5.92500000
2018-05-24 02:53:00.000000,0.02317000,0.02317000,0.02315100,0.02315100,0.89700000
2018-05-24 02:54:00.000000,0.02316100,0.02316700,0.02315200,0.02315600,2.68500000
2018-05-24 02:55:00.000000,0.02317800,0.02317800,0.02315600,0.02315600,3.78000000
2018-05-24 02:56:00.000000,0.02315600,0.02317600,0.02315500,0.02315500,7.47000000
2018-05-24 02:57:00.000000,0.02317500,0.02317500,0.02315400,0.02315500,56.55100000
2018-05-24 02:58:00.000000,0.02313600,0.02313600,0.02311900,0.02311900,2.51700000
2018-05-24 02:59:00.000000,0.02310600,0.02314400,0.02307500,0.02307500,48.72300000
2018-05-24 03:00:00.000000,0.02314200,0.02314300,0.02302400,0.02306500,76.55800000
2018-05-24 03:01:00.000000,0.02306500,0.02311000,0.02295000,0.02299300,65.99700000
2018-05-24 03:02:00.000000,0.02298500,0.02300900,0.02295000,0.02300900,43.06500000
2018-05-24 03:03:00.000000,0.02300100,0.02300100,0.02295400,0.02297600,42.46300000
2018-05-24 03:04:00.000000,0.02298800,0.02298800,0.02295300,0.02295300,20.49500000
2018-05-24 03:05:00.000000,0.02296100,0.02297000,0.02295300,0.02296300,7.30800000
2018-05-24 03:06:00.000000,0.02297200,0.02302400,0.02295500,0.02296300,10.64700000
2018-05-24 03:07:00.000000,0.02296300,0.02297700,0.02295300,0.02296200,6.50800000
2018-05-24 03:08:00.000000,0.02295300,0.02298800,0.02295300,0.02295500,61.53700000
2018-05-24 03:09:00.000000,0.02295500,0.02297800,0.02295300,0.02295300,9.96300000
2018-05-24 03:10:00.000000,0.02295400,0.02295900,0.02294800,0.02294800,45.95200000
2018-05-24 03:11:00.000000,0.02294800,0.02296600,0.02290900,0.02293800,7.07100000
2018-05-24 03:12:00.000000,0.02294300,0.02296600,0.02292100,0.02296600,7.79700000
2018-05-24 03:13:00.000000,0.02296600,0.02296600,0.02293000,0.02293200,16.32200000
2018-05-24 03:14:00.000000,0.02293100,0.02297300,0.02291000,0.02291900,21.56700000
2018-05-24 03:15:00.000000,0.02297000,0.02297000,0.02292200,0.02292400,16.23100000
2018-05-24 03:16:00.000000,0.02294700,0.02296900,0.02290900,0.02296700,27.89300000
2018-05-24 03:17:00.000000,0.02291600,0.02294900,0.02290200,0.02290200,22.69700000
2018-05-24 03:18:00.000000,0.02290400,0.02294500,0.02290300,0.02294500,13.36300000
2018-05-24 03:19:00.000000,0.02290600,0.02292500,0.02289300,0.02292400,19.27500000
2018-05-24 03:20:00.000000,0.02291900,0.02291900,0.02291800,0.02291900,1.05000000
2018-05-24 03:21:00.000000,0.02291900,0.02292900,0.02291900,0.02292000,8.08800000
2018-05-24 03:22:00.000000,0.02291800,0.02291800,0.02290600,0.02290600,0.25600000
2018-05-24 03:23:00.000000,0.02289400,0.02290000,0.02284000,0.02284000,29.97700000
2018-05-24 03:24:00.000000,0.02289900,0.02289900,0.02285300,0.02289700,42.71700000
2018-05-24 03:25:00.000000,0.02286800,0.02288800,0.02284500,0.02288800,22.27400000
2018-05-24 03:26:00.000000,0.02288400,0.02288600,0.02284000,0.02288400,7.32400000
2018-05-24 03:27:00.000000,0.02284000,0.02288600,0.02284000,0.02284200,40.22800000
2018-05-24 03:28:00.000000,0.02288300,0.02288300,0.02287800,0.02288300,1.26800000
2018-05-24 03:29:00.000000,0.02284700,0.02288300,0.02284100,0.02284200,68.65400000
2018-05-24 03:30:00.000000,0.02288200,0.02288200,0.02286000,0.02288200,17.56700000
2018-05-24 03:31:00.000000,0.02284300,0.02289900,0.02284300,0.02289900,12.23300000
2018-05-24 03:32:00.000000,0.02289400,0.02289400,0.02284100,0.02284700,0.47300000
2018-05-24 03:33:00.000000,0.02289800,0.02289900,0.02289800,0.02289900,0.43600000
2018-05-24 03:34:00.000000,0.02289300,0.02289300,0.02284700,0.02284700,9.73400000
2018-05-24 03:35:00.000000,0.02285400,0.02289900,0.02285400,0.02289900,2.60300000
2018-05-24 03:36:00.000000,0.02284800,0.02290000,0.02284800,0.02290000,18.00600000
2018-05-24 03:37:00.000000,0.02286100,0.02290000,0.02286100,0.02290000,32.09700000
2018-05-24 03:38:00.000000,0.02289900,0.02290000,0.02286100,0.02286100,51.95100000
2018-05-24 03:39:00.000000,0.02286100,0.02286200,0.02286000,0.02286200,17.64800000
2018-05-24 03:40:00.000000,0.02286100,0.02286300,0.02282500,0.02282500,22.82200000
2018-05-24 03:41:00.000000,0.02289300,0.02289300,0.02286800,0.02289000,15.12600000
2018-05-24 03:42:00.000000,0.02288900,0.02288900,0.02286800,0.02288800,23.60900000
2018-05-24 03:43:00.000000,0.02288700,0.02288700,0.02288400,0.02288400,6.19000000
2018-05-24 03:44:00.000000,0.02284400,0.02285400,0.02282900,0.02282900,8.07500000
2018-05-24 03:45:00.000000,0.02285200,0.02287800,0.02282900,0.02283200,2.45800000
2018-05-24 03:46:00.000000,0.02283700,0.02285200,0.02282500,0.02284100,6.26200000
2018-05-24 03:47:00.000000,0.02284200,0.02286000,0.02284000,0.02286000,12.57400000
2018-05-24 03:48:00.000000,0.02284100,0.02286000,0.02284100,0.02286000,10.43500000
2018-05-24 03:49:00.000000,0.02284100,0.02285500,0.02284000,0.02285500,11.27100000
2018-05-24 03:50:00.000000,0.02284200,0.02284800,0.02284200,0.02284300,11.95600000
2018-05-24 03:51:00.000000,0.02284700,0.02285000,0.02284300,0.02285000,3.38400000
2018-05-24 03:52:00.000000,0.02284300,0.02284400,0.02284300,0.02284400,17.75500000
2018-05-24 03:53:00.000000,0.02284400,0.02286000,0.02284300,0.02286000,130.58200000
2018-05-24 03:54:00.000000,0.02286000,0.02286000,0.02274900,0.02283600,47.74300000
2018-05-24 03:55:00.000000,0.02281200,0.02284800,0.02280600,0.02284800,9.59900000
2018-05-24 03:56:00.000000,0.02285800,0.02285800,0.02284300,0.02285000,8.11100000
2018-05-24 03:57:00.000000,0.02285100,0.02285800,0.02284800,0.02285700,19.41500000
2018-05-24 03:58:00.000000,0.02283300,0.02286000,0.02283300,0.02285800,5.21500000
2018-05-24 03:59:00.000000,0.02284500,0.02285800,0.02283100,0.02285800,2.19300000
2018-05-24 04:00:00.000000,0.02283500,0.02285300,0.02276600,0.02280500,8.53800000
2018-05-24 04:01:00.000000,0.02276600,0.02285200,0.02276600,0.02279700,7.98200000
2018-05-24 04:02:00.000000,0.02279700,0.02286000,0.02279700,0.02285600,17.31700000
2018-05-24 04:03:00.000000,0.02283600,0.02285400,0.02281800,0.02281900,2.51900000
2018-05-24 04:04:00.000000,0.02283700,0.02285300,0.02282300,0.02282300,4.92300000
2018-05-24 04:05:00.000000,0.02285300,0.02285400,0.02282300,0.02285400,18.80800000
2018-05-24 04:06:00.000000,0.02285300,0.02286000,0.02282400,0.02286000,13.77500000
2018-05-24 04:07:00.000000,0.02284200,0.02284200,0.02282500,0.02282500,13.59900000
2018-05-24 04:08:00.000000,0.02284300,0.02286000,0.02282300,0.02285900,40.70300000
2018-05-24 04:09:00.000000,0.02284100,0.02286000,0.02282300,0.02286000,75.19800000
2018-05-24 04:10:00.000000,0.02282300,0.02286000,0.02282300,0.02286000,19.12000000
2018-05-24 04:11:00.000000,0.02285900,0.02286000,0.02285700,0.02285700,2.64800000
2018-05-24 04:12:00.000000,0.02285700,0.02288000,0.02282600,0.02288000,13.45400000
2018-05-24 04:13:00.000000,0.02287900,0.02287900,0.02284600,0.02284600,1.37000000
2018-05-24 04:14:00.000000,0.02287900,0.02288000,0.02286000,0.02287900,13.59800000
2018-05-24 04:15:00.000000,0.02287000,0.02287900,0.02283400,0.02287900,53.39600000
2018-05-24 04:16:00.000000,0.02287900,0.02288000,0.02285000,0.02288000,67.19800000
2018-05-24 04:17:00.000000,0.02287000,0.02287500,0.02285800,0.02285900,39.97400000
2018-05-24 04:18:00.000000,0.02286300,0.02289800,0.02286300,0.02288000,8.51800000
2018-05-24 04:19:00.000000,0.02287300,0.02289800,0.02286300,0.02286300,71.76400000
2018-05-24 04:20:00.000000,0.02286300,0.02287800,0.02286300,0.02286400,11.17100000
2018-05-24 04:21:00.000000,0.02288400,0.02289100,0.02287500,0.02289100,4.33800000
2018-05-24 04:22:00.000000,0.02287700,0.02287700,0.02285100,0.02285200,25.05500000
2018-05-24 04:23:00.000000,0.02288900,0.02288900,0.02285200,0.02288900,40.39500000
2018-05-24 04:24:00.000000,0.02288800,0.02288800,0.02285400,0.02286100,2.50500000
2018-05-24 04:25:00.000000,0.02288500,0.02288500,0.02286000,0.02286100,10.21700000
2018-05-24 04:26:00.000000,0.02286200,0.02288400,0.02285200,0.02288400,4.62100000
2018-05-24 04:27:00.000000,0.02288500,0.02288800,0.02285200,0.02285200,6.59100000
2018-05-24 04:28:00.000000,0.02286600,0.02288100,0.02285100,0.02285100,1.86500000
2018-05-24 04:29:00.000000,0.02285100,0.02285100,0.02281800,0.02282000,27.33400000
2018-05-24 04:30:00.000000,0.02282000,0.02285300,0.02282000,0.02285300,0.22500000
2018-05-24 04:31:00.000000,0.02281800,0.02284400,0.02275000,0.02284200,3.64600000
2018-05-24 04:32:00.000000,0.02279200,0.02283600,0.02279200,0.02283400,1.62100000
2018-05-24 04:33:00.000000,0.02283400,0.02283400,0.02275000,0.02275000,3.46500000
2018-05-24 04:34:00.000000,0.02277700,0.02284100,0.02275000,0.02284100,6.00000000
2018-05-24 04:35:00.000000,0.02283800,0.02290000,0.02275100,0.02276600,153.98800000
2018-05-24 04:36:00.000000,0.02283700,0.02283700,0.02277400,0.02280100,6.75100000
2018-05-24 04:37:00.000000,0.02277800,0.02281600,0.02277600,0.02281300,6.96700000
2018-05-24 04:38:00.000000,0.02281300,0.02281300,0.02278000,0.02278000,1.38100000
2018-05-24 04:39:00.000000,0.02280300,0.02280300,0.02278400,0.02279900,2.54300000
2018-05-24 04:40:00.000000,0.02281400,0.02286200,0.02278500,0.02282800,16.61600000
2018-05-24 04:41:00.000000,0.02282800,0.02282800,0.02279000,0.02279200,4.76100000
2018-05-24 04:42:00.000000,0.02281300,0.02287300,0.02276800,0.02278400,7.05600000
2018-05-24 04:43:00.000000,0.02283200,0.02283200,0.02276800,0.02280600,3.56500000
2018-05-24 04:44:00.000000,0.02281300,0.02281300,0.02276800,0.02280500,4.94900000
2018-05-24 04:45:00.000000,0.02280500,0.02283900,0.02280500,0.02280500,4.28900000
2018-05-24 04:46:00.000000,0.02277200,0.02280500,0.02276800,0.02276800,5.28100000
2018-05-24 04:47:00.000000,0.02280600,0.02281400,0.02276900,0.02281400,17.58700000
2018-05-24 04:48:00.000000,0.02277100,0.02281100,0.02276900,0.02280800,11.70300000
2018-05-24 04:49:00.000000,0.02280900,0.02281100,0.02276900,0.02280800,17.15700000
2018-05-24 04:50:00.000000,0.02280800,0.02281000,0.02276900,0.02276900,6.14400000
2018-05-24 04:51:00.000000,0.02276900,0.02281400,0.02276900,0.02281400,21.55000000
2018-05-24 04:52:00.000000,0.02281400,0.02286800,0.02276900,0.02276900,26.64600000
2018-05-24 04:53:00.000000,0.02277300,0.02282600,0.02276900,0.02282400,4.67900000
2018-05-24 04:54:00.000000,0.02279600,0.02279600,0.02276900,0.02279200,4.71600000
2018-05-24 04:55:00.000000,0.02277300,0.02279400,0.02276800,0.02276900,11.43400000
2018-05-24 04:56:00.000000,0.02277000,0.02283400,0.02275000,0.02282900,93.64600000
2018-05-24 04:57:00.000000,0.02282400,0.02282400,0.02276000,0.02279500,0.74400000
2018-05-24 04:58:00.000000,0.02279500,0.02280700,0.02279500,0.02280700,0.66200000
2018-05-24 04:59:00.000000,0.02280200,0.02282700,0.02275000,0.02280200,2.32000000
2018-05-24 05:00:00.000000,0.02275600,0.02279900,0.02273400,0.02278900,35.84500000
2018-05-24 05:01:00.000000,0.02275100,0.02278900,0.02275100,0.02278900,2.82600000
2018-05-24 05:02:00.000000,0.02278900,0.02279000,0.02275200,0.02278500,1.45900000
2018-05-24 05:03:00.000000,0.02278500,0.02278500,0.02275900,0.02278000,5.81900000
2018-05-24 05:04:00.000000,0.02278000,0.02279000,0.02277200,0.02277200,8.02700000
2018-05-24 05:05:00.000000,0.02275200,0.02277200,0.02273600,0.02277100,2.49000000
2018-05-24 05:06:00.000000,0.02276900,0.02277200,0.02276900,0.02277000,6.14000000
2018-05-24 05:07:00.000000,0.02276900,0.02277000,0.02273100,0.02276800,6.88100000
2018-05-24 05:08:00.000000,0.02276600,0.02276600,0.02268100,0.02271600,21.55400000
2018-05-24 05:09:00.000000,0.02271600,0.02271600,0.02271200,0.02271200,1.27900000
2018-05-24 05:10:00.000000,0.02271600,0.02271600,0.02269200,0.02269200,3.54500000
2018-05-24 05:11:00.000000,0.02271400,0.02271500,0.02269100,0.02269200,4.15600000
2018-05-24 05:12:00.000000,0.02269100,0.02271500,0.02269100,0.02271400,25.01800000
2018-05-24 05:13:00.000000,0.02271300,0.02271500,0.02270000,0.02271400,10.37600000
2018-05-24 05:14:00.000000,0.02271500,0.02271500,0.02269200,0.02269200,10.37800000
2018-05-24 05:15:00.000000,0.02270300,0.02271500,0.02270300,0.02271400,31.05900000
2018-05-24 05:16:00.000000,0.02270300,0.02271400,0.02269200,0.02270000,25.99800000
2018-05-24 05:17:00.000000,0.02269900,0.02271400,0.02267300,0.02267300,18.04100000
2018-05-24 05:18:00.000000,0.02267200,0.02271300,0.02265800,0.02266100,11.47100000
2018-05-24 05:19:00.000000,0.02265900,0.02265900,0.02265600,0.02265700,38.31200000
2018-05-24 05:20:00.000000,0.02265600,0.02266000,0.02265500,0.02266000,22.61700000
2018-05-24 05:21:00.000000,0.02265500,0.02265500,0.02262500,0.02262700,5.41600000
2018-05-24 05:22:00.000000,0.02262700,0.02264900,0.02262600,0.02262600,9.25400000
2018-05-24 05:23:00.000000,0.02264500,0.02264500,0.02262100,0.02262400,24.93200000
2018-05-24 05:24:00.000000,0.02262400,0.02264500,0.02260500,0.02264400,5.02200000
2018-05-24 05:25:00.000000,0.02264300,0.02266000,0.02260500,0.02261400,34.12200000
2018-05-24 05:26:00.000000,0.02263300,0.02265700,0.02263300,0.02264800,4.86200000
2018-05-24 05:27:00.000000,0.02264800,0.02265700,0.02263800,0.02263800,26.05000000
2018-05-24 05:28:00.000000,0.02265200,0.02265500,0.02260500,0.02262600,30.43800000
2018-05-24 05:29:00.000000,0.02262600,0.02263400,0.02258600,0.02262400,21.46100000
2018-05-24 05:30:00.000000,0.02262300,0.02265100,0.02262300,0.02265100,3.47900000
2018-05-24 05:31:00.000000,0.02264800,0.02265900,0.02261600,0.02265900,42.24200000
2018-05-24 05:32:00.000000,0.02265700,0.02265700,0.02262600,0.02262600,4.58200000
2018-05-24 05:33:00.000000,0.02262600,0.02262600,0.02261700,0.02262600,6.08000000
2018-05-24 05:34:00.000000,0.02262500,0.02262500,0.02261700,0.02261800,2.30200000
2018-05-24 05:35:00.000000,0.02262500,0.02263000,0.02261600,0.02263000,84.71100000
2018-05-24 05:36:00.000000,0.02261800,0.02263000,0.02260700,0.02260800,66.68800000
2018-05-24 05:37:00.000000,0.02262900,0.02262900,0.02260900,0.02262900,59.34300000
2018-05-24 05:38:00.000000,0.02261800,0.02262900,0.02259700,0.02259700,40.12800000
2018-05-24 05:39:00.000000,0.02262400,0.02262400,0.02258500,0.02260100,8.55300000
2018-05-24 05:40:00.000000,0.02260900,0.02261000,0.02258500,0.02258600,6.72400000
2018-05-24 05:41:00.000000,0.02260900,0.02261000,0.02258600,0.02261000,3.95900000
2018-05-24 05:42:00.000000,0.02260900,0.02261000,0.02255000,0.02255000,48.39600000
2018-05-24 05:43:00.000000,0.02259100,0.02259100,0.02255800,0.02257600,23.58600000
2018-05-24 05:44:00.000000,0.02257600,0.02257700,0.02255400,0.02255500,4.76200000
2018-05-24 05:45:00.000000,0.02255800,0.02257700,0.02255800,0.02257700,2.28500000
2018-05-24 05:46:00.000000,0.02257600,0.02257700,0.02255900,0.02255900,4.32100000
2018-05-24 05:47:00.000000,0.02257700,0.02257700,0.02255000,0.02257700,14.45000000
2018-05-24 05:48:00.000000,0.02257700,0.02257700,0.02255000,0.02255000,4.40900000
2018-05-24 05:49:00.000000,0.02254900,0.02255000,0.02239600,0.02254100,108.47100000
2018-05-24 05:50:00.000000,0.02254100,0.02254100,0.02247400,0.02253900,16.20600000
2018-05-24 05:51:00.000000,0.02249900,0.02254000,0.02249900,0.02253900,21.74700000
2018-05-24 05:52:00.000000,0.02254700,0.02254700,0.02250200,0.02253000,3.27000000
2018-05-24 05:53:00.000000,0.02253000,0.02253000,0.02247800,0.02251500,6.76900000
2018-05-24 05:54:00.000000,0.02251500,0.02251500,0.02247800,0.02251300,9.27600000
2018-05-24 05:55:00.000000,0.02251200,0.02251200,0.02247700,0.02247700,8.17700000
2018-05-24 05:56:00.000000,0.02251100,0.02251100,0.02248200,0.02251000,13.23300000
2018-05-24 05:57:00.000000,0.02250900,0.02250900,0.02250800,0.02250800,7.47700000
2018-05-24 05:58:00.000000,0.02249500,0.02250700,0.02249100,0.02250600,22.46900000
2018-05-24 05:59:00.000000,0.02250600,0.02250600,0.02247900,0.02248000,24.41200000
2018-05-24 06:00:00.000000,0.02249300,0.02252000,0.02248000,0.02248000,27.13900000
2018-05-24 06:01:00.000000,0.02250000,0.02251100,0.02249000,0.02251100,3.99500000
2018-05-24 06:02:00.000000,0.02251100,0.02251200,0.02247800,0.02250200,3.96300000
2018-05-24 06:03:00.000000,0.02250200,0.02250200,0.02247700,0.02250100,5.02800000
2018-05-24 06:04:00.000000,0.02250000,0.02255000,0.02247900,0.02255000,27.96600000
2018-05-24 06:05:00.000000,0.02255000,0.02255000,0.02250200,0.02250200,15.88100000
2018-05-24 06:06:00.000000,0.02250200,0.02255000,0.02250200,0.02255000,20.78000000
2018-05-24 06:07:00.000000,0.02253100,0.02253100,0.02250400,0.02250400,2.40700000
2018-05-24 06:08:00.000000,0.02250300,0.02253700,0.02250100,0.02252700,8.78000000
2018-05-24 06:09:00.000000,0.02251300,0.02252500,0.02250100,0.02250100,6.85000000
2018-05-24 06:10:00.000000,0.02250100,0.02250100,0.02250000,0.02250000,27.27000000
2018-05-24 06:11:00.000000,0.02250100,0.02253800,0.02250100,0.02253000,6.01500000
2018-05-24 06:12:00.000000,0.02252900,0.02253900,0.02252900,0.02253000,1.18900000
2018-05-24 06:13:00.000000,0.02254900,0.02260600,0.02254900,0.02259400,28.15000000
2018-05-24 06:14:00.000000,0.02259500,0.02262000,0.02259400,0.02259400,4.23400000
2018-05-24 06:15:00.000000,0.02260600,0.02260600,0.02253000,0.02258900,13.44200000
2018-05-24 06:16:00.000000,0.02254200,0.02258100,0.02254200,0.02254200,1.41700000
2018-05-24 06:17:00.000000,0.02256000,0.02258000,0.02253900,0.02257700,9.65700000
2018-05-24 06:18:00.000000,0.02257700,0.02259200,0.02254000,0.02254000,3.30200000
2018-05-24 06:19:00.000000,0.02254000,0.02255800,0.02253900,0.02254700,8.23200000
2018-05-24 06:20:00.000000,0.02254000,0.02255200,0.02253000,0.02255000,12.93300000
2018-05-24 06:21:00.000000,0.02252900,0.02259900,0.02250900,0.02257600,64.73900000
2018-05-24 06:22:00.000000,0.02257600,0.02260700,0.02253800,0.02253800,26.33200000
2018-05-24 06:23:00.000000,0.02253700,0.02253700,0.02253700,0.02253700,11.54100000
2018-05-24 06:24:00.000000,0.02253700,0.02253700,0.02249900,0.02250100,25.35500000
2018-05-24 06:25:00.000000,0.02252200,0.02252200,0.02250400,0.02252200,2.25800000
2018-05-24 06:26:00.000000,0.02257300,0.02257300,0.02255500,0.02255600,1.78600000
2018-05-24 06:27:00.000000,0.02254700,0.02254800,0.02249000,0.02249000,9.70500000
2018-05-24 06:28:00.000000,0.02253900,0.02259000,0.02249400,0.02257800,13.01200000
2018-05-24 06:29:00.000000,0.02258400,0.02260000,0.02257500,0.02257500,1.91100000
2018-05-24 06:30:00.000000,0.02255400,0.02255400,0.02255400,0.02255400,0.12400000
2018-05-24 06:31:00.000000,0.02255500,0.02259300,0.02251000,0.02259300,28.52500000
2018-05-24 06:32:00.000000,0.02253300,0.02253300,0.02251700,0.02251700,8.50300000
2018-05-24 06:33:00.000000,0.02251700,0.02254000,0.02251600,0.02251800,10.97200000
2018-05-24 06:34:00.000000,0.02254000,0.02256100,0.02251600,0.02251600,13.18400000
2018-05-24 06:35:00.000000,0.02255100,0.02255100,0.02250700,0.02250700,2.44100000
2018-05-24 06:36:00.000000,0.02254900,0.02254900,0.02250600,0.02250600,21.57100000
2018-05-24 06:37:00.000000,0.02249700,0.02257800,0.02249700,0.02257800,41.53800000
2018-05-24 06:38:00.000000,0.02249900,0.02254200,0.02249900,0.02254200,5.11700000
2018-05-24 06:39:00.000000,0.02256100,0.02256100,0.02256100,0.02256100,0.00700000
2018-05-24 06:40:00.000000,0.02254100,0.02254100,0.02249900,0.02249900,5.41300000
2018-05-24 06:41:00.000000,0.02253900,0.02256100,0.02249700,0.02256100,5.62500000
2018-05-24 06:42:00.000000,0.02254500,0.02257800,0.02254300,0.02254300,1.55800000
2018-05-24 06:43:00.000000,0.02257500,0.02257500,0.02243400,0.02245900,40.92800000
2018-05-24 06:44:00.000000,0.02253600,0.02253600,0.02245800,0.02252200,4.21900000
2018-05-24 06:45:00.000000,0.02251000,0.02251000,0.02247200,0.02250700,3.25800000
2018-05-24 06:46:00.000000,0.02250600,0.02250600,0.02249200,0.02250600,1.69700000
2018-05-24 06:47:00.000000,0.02249300,0.02250500,0.02248000,0.02250300,9.22400000
2018-05-24 06:48:00.000000,0.02252800,0.02252900,0.02252200,0.02252200,5.54400000
2018-05-24 06:49:00.000000,0.02247600,0.02251600,0.02247600,0.02251600,5.13200000
2018-05-24 06:50:00.000000,0.02249600,0.02251400,0.02248000,0.02248000,3.92000000
2018-05-24 06:51:00.000000,0.02249200,0.02250700,0.02247800,0.02250700,6.91900000
2018-05-24 06:52:00.000000,0.02250600,0.02250600,0.02247800,0.02247800,1.55200000
2018-05-24 06:53:00.000000,0.02247900,0.02247900,0.02246200,0.02247800,45.14600000
2018-05-24 06:54:00.000000,0.02247900,0.02253200,0.02243000,0.02251100,7.73900000
2018-05-24 06:55:00.000000,0.02249400,0.02249400,0.02249400,0.02249400,0.26700000
2018-05-24 06:56:00.000000,0.02249000,0.02249000,0.02246700,0.02248900,2.52500000
2018-05-24 06:57:00.000000,0.02248900,0.02251400,0.02240700,0.02251400,21.75700000
2018-05-24 06:58:00.000000,0.02251200,0.02251200,0.02246900,0.02250600,46.38100000
2018-05-24 06:59:00.000000,0.02249800,0.02250000,0.02249700,0.02250000,27.54600000
2018-05-24 07:00:00.000000,0.02250800,0.02251400,0.02243000,0.02251300,17.41800000
2018-05-24 07:01:00.000000,0.02251200,0.02253300,0.02247300,0.02247300,14.44000000
2018-05-24 07:02:00.000000,0.02251400,0.02251400,0.02250700,0.02250700,2.79700000
2018-05-24 07:03:00.000000,0.02252900,0.02253500,0.02243800,0.02253500,16.80600000
2018-05-24 07:04:00.000000,0.02253400,0.02253400,0.02240600,0.02251700,17.03400000
2018-05-24 07:05:00.000000,0.02250400,0.02250400,0.02248500,0.02248500,0.54300000
2018-05-24 07:06:00.000000,0.02246000,0.02248500,0.02246000,0.02248500,2.10000000
2018-05-24 07:07:00.000000,0.02244400,0.02248800,0.02244400,0.02248800,0.43500000
2018-05-24 07:08:00.000000,0.02245900,0.02248300,0.02245900,0.02248300,0.18400000
2018-05-24 07:09:00.000000,0.02248300,0.02248300,0.02248300,0.02248300,0.00000000
2018-05-24 07:10:00.000000,0.02247700,0.02247700,0.02238900,0.02242500,26.33600000
2018-05-24 07:11:00.000000,0.02246800,0.02247300,0.02242900,0.02242900,30.56000000
2018-05-24 07:12:00.000000,0.02243300,0.02246600,0.02243200,0.02245900,30.70500000
2018-05-24 07:13:00.000000,0.02245900,0.02248900,0.02245900,0.02247000,32.00400000
2018-05-24 07:14:00.000000,0.02247300,0.02247300,0.02246000,0.02247200,86.60700000
2018-05-24 07:15:00.000000,0.02246000,0.02247300,0.02246000,0.02246100,53.34300000
2018-05-24 07:16:00.000000,0.02246100,0.02246700,0.02246000,0.02246100,87.64500000
2018-05-24 07:17:00.000000,0.02247200,0.02247200,0.02246100,0.02246100,17.50700000
2018-05-24 07:18:00.000000,0.02246000,0.02246700,0.02246000,0.02246200,88.71500000
2018-05-24 07:19:00.000000,0.02246700,0.02247300,0.02246200,0.02246200,132.02300000
2018-05-24 07:20:00.000000,0.02246300,0.02248900,0.02246300,0.02247600,120.87800000
2018-05-24 07:21:00.000000,0.02246300,0.02250700,0.02246300,0.02250700,54.96400000
2018-05-24 07:22:00.000000,0.02248600,0.02256400,0.02246300,0.02256400,82.86400000
2018-05-24 07:23:00.000000,0.02255900,0.02255900,0.02248400,0.02249000,4.54500000
2018-05-24 07:24:00.000000,0.02248600,0.02249000,0.02246400,0.02248000,8.13200000
2018-05-24 07:25:00.000000,0.02246300,0.02256100,0.02246300,0.02248800,29.96600000
2018-05-24 07:26:00.000000,0.02255900,0.02263000,0.02247200,0.02250000,50.10300000
2018-05-24 07:27:00.000000,0.02250600,0.02258400,0.02250000,0.02250800,28.90000000
2018-05-24 07:28:00.000000,0.02249200,0.02256300,0.02249200,0.02256300,0.85400000
2018-05-24 07:29:00.000000,0.02251900,0.02259700,0.02250000,0.02259700,29.13400000
2018-05-24 07:30:00.000000,0.02258500,0.02260600,0.02249400,0.02255600,61.22000000
2018-05-24 07:31:00.000000,0.02255500,0.02259300,0.02255000,0.02259200,74.19600000
2018-05-24 07:32:00.000000,0.02254700,0.02254700,0.02254700,0.02254700,28.17800000
2018-05-24 07:33:00.000000,0.02253600,0.02254700,0.02253600,0.02254700,145.40600000
2018-05-24 07:34:00.000000,0.02253800,0.02259800,0.02253800,0.02259700,83.60800000
2018-05-24 07:35:00.000000,0.02259700,0.02261400,0.02252300,0.02252300,16.79300000
2018-05-24 07:36:00.000000,0.02260400,0.02264300,0.02252900,0.02264300,31.02600000
2018-05-24 07:37:00.000000,0.02255100,0.02264000,0.02255100,0.02260100,3.37900000
2018-05-24 07:38:00.000000,0.02260100,0.02265900,0.02256400,0.02265800,38.06500000
2018-05-24 07:39:00.000000,0.02257200,0.02265600,0.02257200,0.02265600,39.28700000
2018-05-24 07:40:00.000000,0.02265300,0.02265900,0.02259500,0.02259600,4.73300000
2018-05-24 07:41:00.000000,0.02259400,0.02259900,0.02259400,0.02259800,3.58700000
2018-05-24 07:42:00.000000,0.02260100,0.02260200,0.02259700,0.02260200,54.91800000
2018-05-24 07:43:00.000000,0.02264500,0.02265000,0.02264500,0.02265000,30.27000000
2018-05-24 07:44:00.000000,0.02261600,0.02261600,0.02260900,0.02260900,0.63000000
2018-05-24 07:45:00.000000,0.02261200,0.02261200,0.02259900,0.02259900,11.56200000
2018-05-24 07:46:00.000000,0.02260800,0.02265900,0.02260800,0.02261100,30.56000000
2018-05-24 07:47:00.000000,0.02264800,0.02265900,0.02259800,0.02259800,46.04700000
2018-05-24 07:48:00.000000,0.02263300,0.02263300,0.02259800,0.02259800,4.57400000
2018-05-24 07:49:00.000000,0.02259900,0.02265900,0.02259900,0.02260100,89.32100000
2018-05-24 07:50:00.000000,0.02264600,0.02264700,0.02260300,0.02260300,39.50700000
2018-05-24 07:51:00.000000,0.02264500,0.02265800,0.02260200,0.02260500,33.43300000
2018-05-24 07:52:00.000000,0.02262300,0.02262300,0.02259900,0.02259900,55.81500000
2018-05-24 07:53:00.000000,0.02260000,0.02265100,0.02259900,0.02265100,103.93000000
2018-05-24 07:54:00.000000,0.02260600,0.02264200,0.02260400,0.02264200,48.87100000
2018-05-24 07:55:00.000000,0.02264100,0.02265900,0.02260300,0.02260600,61.55600000
2018-05-24 07:56:00.000000,0.02265400,0.02265900,0.02260600,0.02265400,81.61100000
2018-05-24 07:57:00.000000,0.02261600,0.02265300,0.02260000,0.02260000,57.03400000
2018-05-24 07:58:00.000000,0.02260200,0.02261600,0.02259900,0.02259900,152.19800000
2018-05-24 07:59:00.000000,0.02260000,0.02260000,0.02259800,0.02259800,81.97200000
2018-05-24 08:00:00.000000,0.02260000,0.02260100,0.02259800,0.02259900,5.70100000
2018-05-24 08:01:00.000000,0.02259800,0.02260000,0.02255600,0.02255600,29.65100000
2018-05-24 08:02:00.000000,0.02255600,0.02259500,0.02249300,0.02249300,3.58700000
2018-05-24 08:03:00.000000,0.02251500,0.02251900,0.02247000,0.02247000,16.95900000
2018-05-24 08:04:00.000000,0.02250700,0.02250700,0.02247500,0.02250000,34.28100000
2018-05-24 08:05:00.000000,0.02250000,0.02250000,0.02247300,0.02247300,6.08700000
2018-05-24 08:06:00.000000,0.02247200,0.02247300,0.02246100,0.02246100,77.23600000
2018-05-24 08:07:00.000000,0.02246000,0.02247100,0.02246000,0.02247100,112.91400000
2018-05-24 08:08:00.000000,0.02247200,0.02247200,0.02240600,0.02246100,3.42300000
2018-05-24 08:09:00.000000,0.02246000,0.02246000,0.02245500,0.02245500,7.01600000
2018-05-24 08:10:00.000000,0.02242600,0.02245000,0.02242600,0.02245000,39.09900000
2018-05-24 08:11:00.000000,0.02244800,0.02249800,0.02220000,0.02241700,374.71900000
2018-05-24 08:12:00.000000,0.02241500,0.02241600,0.02221900,0.02230100,157.36900000
2018-05-24 08:13:00.000000,0.02230000,0.02230900,0.02224500,0.02230700,35.51000000
2018-05-24 08:14:00.000000,0.02230700,0.02233900,0.02220500,0.02229400,27.70700000
2018-05-24 08:15:00.000000,0.02229600,0.02230200,0.02220500,0.02220800,67.72400000
2018-05-24 08:16:00.000000,0.02220700,0.02224700,0.02220000,0.02220000,47.28500000
2018-05-24 08:17:00.000000,0.02220000,0.02220000,0.02219300,0.02219500,13.03800000
2018-05-24 08:18:00.000000,0.02219200,0.02219500,0.02212900,0.02215900,16.07000000
2018-05-24 08:19:00.000000,0.02215900,0.02217300,0.02215900,0.02217000,2.18000000
2018-05-24 08:20:00.000000,0.02213700,0.02215900,0.02213700,0.02215800,41.12100000
2018-05-24 08:21:00.000000,0.02215800,0.02215800,0.02212400,0.02215600,37.07000000
2018-05-24 08:22:00.000000,0.02215700,0.02215700,0.02212400,0.02215100,62.92600000
2018-05-24 08:23:00.000000,0.02214900,0.02215000,0.02214800,0.02215000,33.64500000
2018-05-24 08:24:00.000000,0.02214700,0.02215000,0.02211200,0.02214400,4.73700000
2018-05-24 08:25:00.000000,0.02214400,0.02215000,0.02213500,0.02214900,7.25900000
2018-05-24 08:26:00.000000,0.02214700,0.02215000,0.02211100,0.02211700,53.73400000
2018-05-24 08:27:00.000000,0.02215000,0.02215000,0.02212800,0.02215000,9.16900000
2018-05-24 08:28:00.000000,0.02214400,0.02218600,0.02210700,0.02217500,35.80900000
2018-05-24 08:29:00.000000,0.02216000,0.02219000,0.02216000,0.02219000,0.71500000
2018-05-24 08:30:00.000000,0.02212000,0.02218800,0.02206700,0.02208200,91.70300000
2018-05-24 08:31:00.000000,0.02215500,0.02215500,0.02197600,0.02210100,117.79100000
2018-05-24 08:32:00.000000,0.02209500,0.02211500,0.02197700,0.02209400,61.57600000
2018-05-24 08:33:00.000000,0.02209400,0.02211500,0.02206000,0.02207900,38.14700000
2018-05-24 08:34:00.000000,0.02210800,0.02210800,0.02200600,0.02209100,31.32700000
2018-05-24 08:35:00.000000,0.02209000,0.02211500,0.02206100,0.02206100,73.64300000
2018-05-24 08:36:00.000000,0.02206200,0.02211600,0.02200900,0.02210200,36.60000000
2018-05-24 08:37:00.000000,0.02211200,0.02211200,0.02207300,0.02208100,4.54600000
2018-05-24 08:38:00.000000,0.02208100,0.02208300,0.02205100,0.02208300,6.54600000
2018-05-24 08:39:00.000000,0.02208200,0.02209100,0.02204800,0.02207300,23.99800000
2018-05-24 08:40:00.000000,0.02207200,0.02207300,0.02199500,0.02203300,4.81800000
2018-05-24 08:41:00.000000,0.02205700,0.02209100,0.02205600,0.02209100,8.79300000
2018-05-24 08:42:00.000000,0.02209100,0.02209100,0.02207900,0.02208400,1.11400000
2018-05-24 08:43:00.000000,0.02206400,0.02207900,0.02198500,0.02198500,16.43500000
2018-05-24 08:44:00.000000,0.02208000,0.02212700,0.02197400,0.02207000,59.09000000
2018-05-24 08:45:00.000000,0.02200800,0.02214300,0.02200200,0.02214300,62.38800000
2018-05-24 08:46:00.000000,0.02212400,0.02212500,0.02200000,0.02211300,71.33400000
2018-05-24 08:47:00.000000,0.02211800,0.02212300,0.02208400,0.02212000,14.63400000
2018-05-24 08:48:00.000000,0.02212000,0.02212000,0.02212000,0.02212000,0.00000000
2018-05-24 08:49:00.000000,0.02209400,0.02212500,0.02200400,0.02203600,11.60500000
2018-05-24 08:50:00.000000,0.02211400,0.02211400,0.02211200,0.02211200,0.56300000
2018-05-24 08:51:00.000000,0.02208800,0.02212800,0.02208800,0.02212300,40.32500000
2018-05-24 08:52:00.000000,0.02212000,0.02212100,0.02205700,0.02206400,6.66900000
2018-05-24 08:53:00.000000,0.02210400,0.02211300,0.02210100,0.02211300,10.51200000
2018-05-24 08:54:00.000000,0.02205700,0.02208700,0.02205400,0.02208700,3.16700000
2018-05-24 08:55:00.000000,0.02205400,0.02206900,0.02205300,0.02206900,7.04500000
2018-05-24 08:56:00.000000,0.02207000,0.02211900,0.02205300,0.02205300,33.02600000
2018-05-24 08:57:00.000000,0.02205800,0.02215200,0.02200000,0.02215200,90.23200000
2018-05-24 08:58:00.000000,0.02213400,0.02213400,0.02207000,0.02207000,20.81800000
2018-05-24 08:59:00.000000,0.02207700,0.02208000,0.02207700,0.02208000,1.88200000
2018-05-24 09:00:00.000000,0.02208000,0.02212800,0.02208000,0.02212700,32.89200000
2018-05-24 09:01:00.000000,0.02212500,0.02212800,0.02212300,0.02212300,1.97300000
2018-05-24 09:02:00.000000,0.02212700,0.02212700,0.02212300,0.02212700,6.51800000
2018-05-24 09:03:00.000000,0.02212500,0.02216200,0.02201900,0.02216000,98.26900000
2018-05-24 09:04:00.000000,0.02213500,0.02214300,0.02202600,0.02202600,34.49200000
2018-05-24 09:05:00.000000,0.02204500,0.02204600,0.02204500,0.02204600,8.58800000
2018-05-24 09:06:00.000000,0.02204600,0.02215000,0.02204600,0.02214600,60.73200000
2018-05-24 09:07:00.000000,0.02214600,0.02214600,0.02208200,0.02213100,2.93800000
2018-05-24 09:08:00.000000,0.02208600,0.02208600,0.02208200,0.02208200,0.77000000
2018-05-24 09:09:00.000000,0.02210700,0.02210700,0.02206000,0.02208400,9.02300000
2018-05-24 09:10:00.000000,0.02206300,0.02206600,0.02206000,0.02206000,2.86400000
2018-05-24 09:11:00.000000,0.02206100,0.02209300,0.02204300,0.02206600,28.05100000
2018-05-24 09:12:00.000000,0.02211100,0.02211100,0.02200900,0.02201000,18.66300000
2018-05-24 09:13:00.000000,0.02204900,0.02204900,0.02201200,0.02203300,12.03700000
2018-05-24 09:14:00.000000,0.02203300,0.02205100,0.02201300,0.02201300,4.65100000
2018-05-24 09:15:00.000000,0.02202900,0.02205100,0.02202900,0.02204900,16.54400000
2018-05-24 09:16:00.000000,0.02204700,0.02213800,0.02204000,0.02212300,39.45400000
2018-05-24 09:17:00.000000,0.02212100,0.02220500,0.02206400,0.02220500,87.27500000
2018-05-24 09:18:00.000000,0.02218600,0.02220500,0.02211000,0.02211500,20.45100000
2018-05-24 09:19:00.000000,0.02214500,0.02214500,0.02207900,0.02207900,1.92400000
2018-05-24 09:20:00.000000,0.02211800,0.02218100,0.02210500,0.02210500,9.81600000
2018-05-24 09:21:00.000000,0.02217000,0.02217800,0.02211300,0.02212100,17.34500000
2018-05-24 09:22:00.000000,0.02212200,0.02214400,0.02209400,0.02214400,2.78000000
2018-05-24 09:23:00.000000,0.02209100,0.02214100,0.02207900,0.02208000,5.33600000
2018-05-24 09:24:00.000000,0.02212900,0.02213500,0.02209700,0.02212100,3.36200000
2018-05-24 09:25:00.000000,0.02208300,0.02213300,0.02208200,0.02213300,16.29700000
2018-05-24 09:26:00.000000,0.02212500,0.02215200,0.02210600,0.02214600,32.79100000
2018-05-24 09:27:00.000000,0.02214500,0.02214500,0.02212600,0.02212600,21.90800000
2018-05-24 09:28:00.000000,0.02212600,0.02215200,0.02212500,0.02215200,31.50300000
2018-05-24 09:29:00.000000,0.02214800,0.02215300,0.02212600,0.02215300,57.48800000
2018-05-24 09:30:00.000000,0.02217800,0.02217800,0.02212000,0.02212500,1.25800000
2018-05-24 09:31:00.000000,0.02211700,0.02216000,0.02211700,0.02216000,5.87000000
2018-05-24 09:32:00.000000,0.02215700,0.02217600,0.02212300,0.02212300,9.85500000
2018-05-24 09:33:00.000000,0.02212400,0.02217600,0.02212100,0.02212100,42.13900000
2018-05-24 09:34:00.000000,0.02217700,0.02217700,0.02213000,0.02213000,1.08200000
2018-05-24 09:35:00.000000,0.02212800,0.02217500,0.02212500,0.02212500,2.80800000
2018-05-24 09:36:00.000000,0.02217800,0.02217800,0.02215300,0.02217400,12.22600000
2018-05-24 09:37:00.000000,0.02214800,0.02217000,0.02214800,0.02217000,3.91700000
2018-05-24 09:38:00.000000,0.02215300,0.02217800,0.02215300,0.02217800,3.04200000
2018-05-24 09:39:00.000000,0.02214800,0.02217000,0.02214800,0.02217000,8.66900000
2018-05-24 09:40:00.000000,0.02212200,0.02212200,0.02212200,0.02212200,0.07100000
2018-05-24 09:41:00.000000,0.02216800,0.02235100,0.02206700,0.02218400,76.69100000
2018-05-24 09:42:00.000000,0.02218300,0.02218300,0.02212600,0.02212600,13.01600000
2018-05-24 09:43:00.000000,0.02213000,0.02214000,0.02212600,0.02212800,2.57900000
2018-05-24 09:44:00.000000,0.02215300,0.02215300,0.02212600,0.02212600,2.22500000
2018-05-24 09:45:00.000000,0.02214200,0.02214300,0.02212800,0.02212800,11.83900000
2018-05-24 09:46:00.000000,0.02214000,0.02215300,0.02212700,0.02215300,5.15300000
2018-05-24 09:47:00.000000,0.02215300,0.02224000,0.02215300,0.02222300,16.08100000
2018-05-24 09:48:00.000000,0.02221700,0.02221700,0.02215300,0.02215300,0.61000000
2018-05-24 09:49:00.000000,0.02216500,0.02216500,0.02216400,0.02216400,3.92200000
2018-05-24 09:50:00.000000,0.02214700,0.02216300,0.02213500,0.02213500,6.30500000
2018-05-24 09:51:00.000000,0.02212900,0.02216100,0.02212800,0.02216100,52.38700000
2018-05-24 09:52:00.000000,0.02216000,0.02216000,0.02214200,0.02215700,6.10500000
2018-05-24 09:53:00.000000,0.02215700,0.02215800,0.02212600,0.02212600,2.69600000
2018-05-24 09:54:00.000000,0.02215600,0.02215600,0.02212600,0.02215500,14.39900000
2018-05-24 09:55:00.000000,0.02212700,0.02214500,0.02212600,0.02212600,13.41900000
2018-05-24 09:56:00.000000,0.02215600,0.02215600,0.02215300,0.02215300,1.67500000
2018-05-24 09:57:00.000000,0.02214100,0.02215700,0.02214100,0.02215400,19.17300000
2018-05-24 09:58:00.000000,0.02215300,0.02215300,0.02215300,0.02215300,0.18000000
2018-05-24 09:59:00.000000,0.02212200,0.02223600,0.02212100,0.02212900,66.82800000
2018-05-24 10:00:00.000000,0.02222700,0.02222900,0.02214600,0.02221800,39.45300000
2018-05-24 10:01:00.000000,0.02215200,0.02221400,0.02215200,0.02220400,1.14300000
2018-05-24 10:02:00.000000,0.02220100,0.02220100,0.02214900,0.02219900,1.97000000
2018-05-24 10:03:00.000000,0.02218900,0.02218900,0.02210500,0.02210500,2.72300000
2018-05-24 10:04:00.000000,0.02214000,0.02216800,0.02211600,0.02212000,14.61300000
2018-05-24 10:05:00.000000,0.02211100,0.02217000,0.02211100,0.02217000,1.86900000
2018-05-24 10:06:00.000000,0.02216800,0.02217000,0.02212000,0.02215800,22.05300000
2018-05-24 10:07:00.000000,0.02212000,0.02216000,0.02211400,0.02211700,1.38100000
2018-05-24 10:08:00.000000,0.02211700,0.02211700,0.02211700,0.02211700,0.00000000
2018-05-24 10:09:00.000000,0.02211700,0.02211700,0.02211700,0.02211700,0.00000000
2018-05-24 10:10:00.000000,0.02213500,0.02214900,0.02212700,0.02212700,2.81300000
2018-05-24 10:11:00.000000,0.02211900,0.02211900,0.02211900,0.02211900,0.70700000
2018-05-24 10:12:00.000000,0.02212000,0.02216300,0.02211800,0.02216000,1.98300000
2018-05-24 10:13:00.000000,0.02214900,0.02216500,0.02213000,0.02216400,3.75700000
2018-05-24 10:14:00.000000,0.02211800,0.02216400,0.02211800,0.02214000,3.13100000
2018-05-24 10:15:00.000000,0.02214100,0.02216900,0.02214000,0.02216900,6.66000000
2018-05-24 10:16:00.000000,0.02212500,0.02216400,0.02212500,0.02216400,2.24600000
2018-05-24 10:17:00.000000,0.02216500,0.02218400,0.02213400,0.02218400,5.36800000
2018-05-24 10:18:00.000000,0.02218800,0.02218800,0.02218600,0.02218800,40.24100000
2018-05-24 10:19:00.000000,0.02218800,0.02221900,0.02218800,0.02221900,50.11000000
2018-05-24 10:20:00.000000,0.02221200,0.02221500,0.02216700,0.02221500,104.34700000
2018-05-24 10:21:00.000000,0.02221000,0.02227500,0.02219200,0.02219200,39.46700000
2018-05-24 10:22:00.000000,0.02219200,0.02225300,0.02219200,0.02223800,6.44500000
2018-05-24 10:23:00.000000,0.02223800,0.02226000,0.02222000,0.02226000,23.23600000
2018-05-24 10:24:00.000000,0.02225800,0.02230100,0.02223700,0.02227100,4.14000000
2018-05-24 10:25:00.000000,0.02220300,0.02222800,0.02220200,0.02221800,0.61700000
2018-05-24 10:26:00.000000,0.02221800,0.02221800,0.02221800,0.02221800,0.00000000
2018-05-24 10:27:00.000000,0.02224800,0.02224900,0.02221600,0.02221600,1.63300000
2018-05-24 10:28:00.000000,0.02225100,0.02226900,0.02222100,0.02222100,1.88800000
2018-05-24 10:29:00.000000,0.02222100,0.02222100,0.02222100,0.02222100,0.00000000
2018-05-24 10:30:00.000000,0.02225700,0.02225700,0.02222300,0.02222300,6.99700000
2018-05-24 10:31:00.000000,0.02226600,0.02227700,0.02222700,0.02222800,22.37300000
2018-05-24 10:32:00.000000,0.02225400,0.02228900,0.02222900,0.02222900,53.56900000
2018-05-24 10:33:00.000000,0.02223800,0.02227100,0.02223700,0.02227100,2.62000000
2018-05-24 10:34:00.000000,0.02227300,0.02227300,0.02223900,0.02224000,1.66200000
2018-05-24 10:35:00.000000,0.02224000,0.02224000,0.02224000,0.02224000,0.00000000
2018-05-24 10:36:00.000000,0.02224000,0.02224000,0.02222800,0.02223900,0.40800000
2018-05-24 10:37:00.000000,0.02223900,0.02223900,0.02223900,0.02223900,0.00000000
2018-05-24 10:38:00.000000,0.02223400,0.02223400,0.02223400,0.02223400,0.44800000
2018-05-24 10:39:00.000000,0.02223400,0.02223400,0.02223400,0.02223400,0.00000000
2018-05-24 10:40:00.000000,0.02223400,0.02223400,0.02223400,0.02223400,0.00000000
2018-05-24 10:41:00.000000,0.02225200,0.02225200,0.02224900,0.02224900,15.60600000
2018-05-24 10:42:00.000000,0.02223500,0.02223500,0.02223400,0.02223400,1.02800000
2018-05-24 10:43:00.000000,0.02224500,0.02224500,0.02221600,0.02221600,2.22200000
2018-05-24 10:44:00.000000,0.02221700,0.02225300,0.02221600,0.02225300,1.79600000
2018-05-24 10:45:00.000000,0.02227500,0.02227500,0.02221500,0.02221700,1.09800000
2018-05-24 10:46:00.000000,0.02226500,0.02226600,0.02226500,0.02226600,2.49900000
2018-05-24 10:47:00.000000,0.02226100,0.02237100,0.02225100,0.02237100,6.63500000
2018-05-24 10:48:00.000000,0.02228800,0.02235700,0.02228800,0.02230200,51.61600000
2018-05-24 10:49:00.000000,0.02230100,0.02233800,0.02228900,0.02228900,28.14700000
2018-05-24 10:50:00.000000,0.02228500,0.02228500,0.02224100,0.02224100,3.66200000
2018-05-24 10:51:00.000000,0.02224400,0.02234300,0.02224400,0.02226400,3.42200000
2018-05-24 10:52:00.000000,0.02226800,0.02232200,0.02225600,0.02226300,4.54000000
2018-05-24 10:53:00.000000,0.02227400,0.02228900,0.02226000,0.02226200,49.11600000
2018-05-24 10:54:00.000000,0.02228700,0.02232100,0.02228700,0.02232100,9.66600000
2018-05-24 10:55:00.000000,0.02229400,0.02229400,0.02229300,0.02229300,1.15500000
2018-05-24 10:56:00.000000,0.02228800,0.02228800,0.02226300,0.02226300,0.31300000
2018-05-24 10:57:00.000000,0.02226200,0.02226200,0.02225900,0.02225900,9.94800000
2018-05-24 10:58:00.000000,0.02225900,0.02226200,0.02225800,0.02225800,83.68100000
2018-05-24 10:59:00.000000,0.02225700,0.02226200,0.02224000,0.02225600,62.36700000
2018-05-24 11:00:00.000000,0.02224600,0.02224600,0.02224600,0.02224600,0.16000000
2018-05-24 11:01:00.000000,0.02227000,0.02231400,0.02227000,0.02231400,2.31300000
2018-05-24 11:02:00.000000,0.02230800,0.02230800,0.02230800,0.02230800,0.18300000
2018-05-24 11:03:00.000000,0.02230800,0.02230800,0.02227100,0.02227100,0.14400000
2018-05-24 11:04:00.000000,0.02227300,0.02227300,0.02227300,0.02227300,2.56000000
2018-05-24 11:05:00.000000,0.02227200,0.02227200,0.02226700,0.02226700,11.29200000
2018-05-24 11:06:00.000000,0.02226900,0.02227400,0.02226700,0.02226700,9.98000000
2018-05-24 11:07:00.000000,0.02226800,0.02230600,0.02226700,0.02226800,3.86300000
2018-05-24 11:08:00.000000,0.02231500,0.02231500,0.02226700,0.02226700,10.39800000
2018-05-24 11:09:00.000000,0.02228600,0.02230300,0.02227000,0.02227000,52.58000000
2018-05-24 11:10:00.000000,0.02231900,0.02231900,0.02226600,0.02231600,26.01100000
2018-05-24 11:11:00.000000,0.02231500,0.02231500,0.02227700,0.02231500,0.87800000
2018-05-24 11:12:00.000000,0.02231400,0.02231400,0.02228000,0.02228000,2.06400000
2018-05-24 11:13:00.000000,0.02231500,0.02238600,0.02226700,0.02238400,56.64200000
2018-05-24 11:14:00.000000,0.02238400,0.02238400,0.02238400,0.02238400,0.00000000
2018-05-24 11:15:00.000000,0.02234800,0.02234800,0.02228700,0.02228700,2.26200000
2018-05-24 11:16:00.000000,0.02228500,0.02229800,0.02228300,0.02229800,4.26500000
2018-05-24 11:17:00.000000,0.02229000,0.02233400,0.02227700,0.02233400,107.54600000
2018-05-24 11:18:00.000000,0.02233400,0.02233400,0.02233400,0.02233400,0.00000000
2018-05-24 11:19:00.000000,0.02229400,0.02229400,0.02226800,0.02227700,2.13700000
2018-05-24 11:20:00.000000,0.02227600,0.02237100,0.02227100,0.02236800,70.48900000
2018-05-24 11:21:00.000000,0.02231000,0.02231000,0.02230700,0.02230700,1.20500000
2018-05-24 11:22:00.000000,0.02229400,0.02232600,0.02228900,0.02229000,11.54700000
2018-05-24 11:23:00.000000,0.02229800,0.02233000,0.02226700,0.02233000,6.87000000
2018-05-24 11:24:00.000000,0.02235700,0.02239600,0.02230600,0.02230900,22.62200000
2018-05-24 11:25:00.000000,0.02230900,0.02231200,0.02230800,0.02230900,7.86700000
2018-05-24 11:26:00.000000,0.02233200,0.02233200,0.02226600,0.02226600,32.60000000
2018-05-24 11:27:00.000000,0.02226800,0.02231100,0.02226800,0.02231100,2.79900000
2018-05-24 11:28:00.000000,0.02226600,0.02226600,0.02224500,0.02224500,1.99800000
2018-05-24 11:29:00.000000,0.02225000,0.02227800,0.02224500,0.02225100,10.19100000
2018-05-24 11:30:00.000000,0.02225100,0.02225100,0.02225100,0.02225100,0.00000000
2018-05-24 11:31:00.000000,0.02229200,0.02229700,0.02224800,0.02229200,1.05300000
2018-05-24 11:32:00.000000,0.02225100,0.02225100,0.02199000,0.02207600,875.63600000
2018-05-24 11:33:00.000000,0.02207500,0.02207500,0.02204400,0.02204900,31.24100000
2018-05-24 11:34:00.000000,0.02204900,0.02207500,0.02204600,0.02207500,90.71100000
2018-05-24 11:35:00.000000,0.02207500,0.02207500,0.02205100,0.02207500,51.64600000
2018-05-24 11:36:00.000000,0.02207400,0.02207500,0.02205400,0.02207500,3.73900000
2018-05-24 11:37:00.000000,0.02207500,0.02207500,0.02207400,0.02207400,5.83000000
2018-05-24 11:38:00.000000,0.02207500,0.02212900,0.02207500,0.02210100,32.60500000
2018-05-24 11:39:00.000000,0.02208200,0.02210100,0.02205600,0.02205600,10.52400000
2018-05-24 11:40:00.000000,0.02206300,0.02210000,0.02206300,0.02210000,6.10300000
2018-05-24 11:41:00.000000,0.02209900,0.02210000,0.02205800,0.02210000,4.55100000
2018-05-24 11:42:00.000000,0.02209900,0.02209900,0.02207000,0.02209800,40.94700000
2018-05-24 11:43:00.000000,0.02209900,0.02209900,0.02204500,0.02204500,13.41600000
2018-05-24 11:44:00.000000,0.02205000,0.02205000,0.02204400,0.02205000,10.99200000
2018-05-24 11:45:00.000000,0.02205400,0.02209300,0.02205000,0.02209300,8.20900000
2018-05-24 11:46:00.000000,0.02209500,0.02209500,0.02209500,0.02209500,0.45000000
2018-05-24 11:47:00.000000,0.02209600,0.02210100,0.02206200,0.02206200,118.71700000
2018-05-24 11:48:00.000000,0.02210000,0.02211500,0.02209900,0.02211000,8.08000000
2018-05-24 11:49:00.000000,0.02210900,0.02210900,0.02210900,0.02210900,0.20000000
2018-05-24 11:50:00.000000,0.02209900,0.02210000,0.02207000,0.02207000,4.81900000
2018-05-24 11:51:00.000000,0.02208500,0.02208500,0.02200100,0.02200100,7.99400000
2018-05-24 11:52:00.000000,0.02200100,0.02200100,0.02200100,0.02200100,0.00000000
2018-05-24 11:53:00.000000,0.02205200,0.02209900,0.02201800,0.02209800,3.67600000
2018-05-24 11:54:00.000000,0.02203900,0.02209800,0.02203900,0.02209800,1.45300000
2018-05-24 11:55:00.000000,0.02208000,0.02208000,0.02206300,0.02206300,20.18300000
2018-05-24 11:56:00.000000,0.02209800,0.02209800,0.02209300,0.02209800,6.56200000
2018-05-24 11:57:00.000000,0.02209800,0.02209800,0.02209800,0.02209800,0.02300000
2018-05-24 11:58:00.000000,0.02209700,0.02209800,0.02209600,0.02209600,1.66000000
2018-05-24 11:59:00.000000,0.02205700,0.02209600,0.02192000,0.02209500,40.56600000
2018-05-24 12:00:00.000000,0.02205100,0.02209500,0.02196400,0.02198600,37.57400000
2018-05-24 12:01:00.000000,0.02203000,0.02209300,0.02198600,0.02203800,7.46500000
2018-05-24 12:02:00.000000,0.02203800,0.02209300,0.02203200,0.02209200,31.10900000
2018-05-24 12:03:00.000000,0.02205700,0.02209200,0.02204800,0.02204800,85.72800000
2018-05-24 12:04:00.000000,0.02204800,0.02209200,0.02204700,0.02209200,4.80600000
2018-05-24 12:05:00.000000,0.02204900,0.02209300,0.02204900,0.02206000,12.60900000
2018-05-24 12:06:00.000000,0.02206000,0.02209200,0.02206000,0.02209200,4.73700000
2018-05-24 12:07:00.000000,0.02209300,0.02209500,0.02209300,0.02209300,4.05200000
2018-05-24 12:08:00.000000,0.02209400,0.02209500,0.02196600,0.02204900,41.21200000
2018-05-24 12:09:00.000000,0.02209400,0.02209500,0.02204800,0.02209400,7.71800000
2018-05-24 12:10:00.000000,0.02205000,0.02207300,0.02205000,0.02205100,5.55900000
2018-05-24 12:11:00.000000,0.02205000,0.02205100,0.02190100,0.02196500,90.41800000
2018-05-24 12:12:00.000000,0.02202000,0.02205000,0.02194900,0.02205000,15.32100000
2018-05-24 12:13:00.000000,0.02205000,0.02205100,0.02196900,0.02197100,7.74700000
2018-05-24 12:14:00.000000,0.02201900,0.02205100,0.02195300,0.02202000,6.60600000
2018-05-24 12:15:00.000000,0.02202000,0.02205100,0.02195600,0.02205100,5.95000000
2018-05-24 12:16:00.000000,0.02205100,0.02205100,0.02197300,0.02205000,7.22900000
2018-05-24 12:17:00.000000,0.02197500,0.02205000,0.02197500,0.02205000,3.00700000
2018-05-24 12:18:00.000000,0.02197600,0.02205000,0.02197600,0.02205000,3.82700000
2018-05-24 12:19:00.000000,0.02197800,0.02204800,0.02197100,0.02197800,20.77800000
2018-05-24 12:20:00.000000,0.02201300,0.02205100,0.02197900,0.02204900,22.23500000
2018-05-24 12:21:00.000000,0.02204900,0.02204900,0.02204900,0.02204900,11.23000000
2018-05-24 12:22:00.000000,0.02197900,0.02201500,0.02197900,0.02198200,5.23500000
2018-05-24 12:23:00.000000,0.02198300,0.02205100,0.02198300,0.02205100,4.29700000
2018-05-24 12:24:00.000000,0.02201700,0.02205100,0.02198400,0.02198500,8.12400000
2018-05-24 12:25:00.000000,0.02201800,0.02201900,0.02198600,0.02198800,12.60800000
2018-05-24 12:26:00.000000,0.02205100,0.02205100,0.02198000,0.02205100,9.94400000
2018-05-24 12:27:00.000000,0.02198100,0.02205100,0.02198000,0.02205000,8.04700000
2018-05-24 12:28:00.000000,0.02197800,0.02205100,0.02197800,0.02205000,43.66500000
2018-05-24 12:29:00.000000,0.02201400,0.02205100,0.02197800,0.02197900,65.34900000
2018-05-24 12:30:00.000000,0.02201500,0.02201500,0.02197900,0.02197900,4.47300000
2018-05-24 12:31:00.000000,0.02197800,0.02205000,0.02197800,0.02197900,6.03400000
2018-05-24 12:32:00.000000,0.02198300,0.02198300,0.02197700,0.02198300,52.23200000
2018-05-24 12:33:00.000000,0.02198600,0.02204900,0.02198600,0.02198800,52.65700000
2018-05-24 12:34:00.000000,0.02204900,0.02204900,0.02198400,0.02204800,87.21900000
2018-05-24 12:35:00.000000,0.02198300,0.02204800,0.02198300,0.02198400,17.59300000
2018-05-24 12:36:00.000000,0.02204800,0.02204800,0.02198600,0.02198600,95.18000000
2018-05-24 12:37:00.000000,0.02198700,0.02204800,0.02198700,0.02204800,94.08400000
2018-05-24 12:38:00.000000,0.02198700,0.02204800,0.02198600,0.02198700,15.41200000
2018-05-24 12:39:00.000000,0.02198700,0.02204700,0.02198700,0.02198700,30.22000000
2018-05-24 12:40:00.000000,0.02198700,0.02204800,0.02198700,0.02198700,16.88000000
2018-05-24 12:41:00.000000,0.02204800,0.02204800,0.02199000,0.02199000,9.11600000
2018-05-24 12:42:00.000000,0.02199000,0.02204800,0.02199000,0.02199000,60.12300000
2018-05-24 12:43:00.000000,0.02201800,0.02204700,0.02198700,0.02204700,121.73500000
2018-05-24 12:44:00.000000,0.02198900,0.02204800,0.02198700,0.02198700,60.60700000
2018-05-24 12:45:00.000000,0.02198700,0.02201700,0.02198600,0.02198700,6.76700000
2018-05-24 12:46:00.000000,0.02198700,0.02198700,0.02198700,0.02198700,5.61500000
2018-05-24 12:47:00.000000,0.02198700,0.02198700,0.02198700,0.02198700,0.01000000
2018-05-24 12:48:00.000000,0.02198700,0.02198700,0.02198700,0.02198700,0.02000000
2018-05-24 12:49:00.000000,0.02198700,0.02198700,0.02198300,0.02198400,12.55300000
2018-05-24 12:50:00.000000,0.02198500,0.02198600,0.02198400,0.02198600,5.25700000
2018-05-24 12:51:00.000000,0.02198700,0.02204800,0.02198400,0.02198400,18.33600000
2018-05-24 12:52:00.000000,0.02201600,0.02201600,0.02198500,0.02198500,10.89800000
2018-05-24 12:53:00.000000,0.02204800,0.02204800,0.02198500,0.02204800,33.08600000
2018-05-24 12:54:00.000000,0.02204800,0.02204800,0.02198800,0.02204700,9.03100000
2018-05-24 12:55:00.000000,0.02201800,0.02204800,0.02195200,0.02195300,44.81800000
2018-05-24 12:56:00.000000,0.02195300,0.02204800,0.02195300,0.02195300,3.17200000
2018-05-24 12:57:00.000000,0.02200100,0.02204800,0.02195400,0.02200100,13.00700000
2018-05-24 12:58:00.000000,0.02202300,0.02204600,0.02200100,0.02200100,25.31000000
2018-05-24 12:59:00.000000,0.02200100,0.02204700,0.02195900,0.02195900,4.61700000
2018-05-24 13:00:00.000000,0.02204700,0.02204800,0.02196400,0.02196400,2.79000000
2018-05-24 13:01:00.000000,0.02204700,0.02204800,0.02197200,0.02197200,10.74200000
2018-05-24 13:02:00.000000,0.02204800,0.02204800,0.02197200,0.02198200,15.02500000
2018-05-24 13:03:00.000000,0.02204800,0.02204800,0.02198200,0.02200100,17.23300000
2018-05-24 13:04:00.000000,0.02204800,0.02204800,0.02198300,0.02198300,14.50400000
2018-05-24 13:05:00.000000,0.02198300,0.02204900,0.02198300,0.02198300,14.75800000
2018-05-24 13:06:00.000000,0.02204900,0.02204900,0.02198400,0.02204800,6.18500000
2018-05-24 13:07:00.000000,0.02198400,0.02204900,0.02198400,0.02198400,7.38000000
2018-05-24 13:08:00.000000,0.02198500,0.02204900,0.02198500,0.02198600,6.29700000
2018-05-24 13:09:00.000000,0.02201500,0.02204800,0.02199100,0.02199100,5.11000000
2018-05-24 13:10:00.000000,0.02202100,0.02202100,0.02199400,0.02199600,22.79200000
2018-05-24 13:11:00.000000,0.02199600,0.02204900,0.02199200,0.02200000,90.17500000
2018-05-24 13:12:00.000000,0.02200000,0.02205100,0.02199900,0.02205100,121.50300000
2018-05-24 13:13:00.000000,0.02205100,0.02205100,0.02200200,0.02205100,50.88400000
2018-05-24 13:14:00.000000,0.02201500,0.02205100,0.02200100,0.02205100,64.63500000
2018-05-24 13:15:00.000000,0.02205100,0.02209500,0.02202800,0.02209500,119.76200000
2018-05-24 13:16:00.000000,0.02209500,0.02217200,0.02202700,0.02217200,80.12600000
2018-05-24 13:17:00.000000,0.02215900,0.02215900,0.02206400,0.02214800,26.56100000
2018-05-24 13:18:00.000000,0.02214200,0.02217000,0.02207000,0.02217000,52.54400000
2018-05-24 13:19:00.000000,0.02214800,0.02216500,0.02213100,0.02216500,2.99700000
2018-05-24 13:20:00.000000,0.02217000,0.02217000,0.02207900,0.02209100,8.19600000
2018-05-24 13:21:00.000000,0.02217000,0.02217300,0.02209200,0.02217300,6.19200000
2018-05-24 13:22:00.000000,0.02217300,0.02218200,0.02210400,0.02211500,3.32300000
2018-05-24 13:23:00.000000,0.02211500,0.02214900,0.02211500,0.02211600,2.33700000
2018-05-24 13:24:00.000000,0.02211600,0.02212500,0.02208800,0.02209000,24.63100000
2018-05-24 13:25:00.000000,0.02211600,0.02213000,0.02211600,0.02212400,22.77500000
2018-05-24 13:26:00.000000,0.02212400,0.02212500,0.02212200,0.02212200,6.00100000
2018-05-24 13:27:00.000000,0.02210700,0.02212300,0.02209200,0.02209300,34.46800000
2018-05-24 13:28:00.000000,0.02212200,0.02212300,0.02209300,0.02212100,45.50700000
2018-05-24 13:29:00.000000,0.02209300,0.02213700,0.02205700,0.02213700,80.02700000
2018-05-24 13:30:00.000000,0.02205800,0.02213700,0.02205800,0.02213700,4.23400000
2018-05-24 13:31:00.000000,0.02207600,0.02213600,0.02201600,0.02213400,4.27300000
2018-05-24 13:32:00.000000,0.02201900,0.02213600,0.02201800,0.02204000,5.72500000
2018-05-24 13:33:00.000000,0.02204000,0.02207100,0.02201800,0.02201900,4.82700000
2018-05-24 13:34:00.000000,0.02201900,0.02212400,0.02201800,0.02202000,9.94400000
2018-05-24 13:35:00.000000,0.02212400,0.02212400,0.02202400,0.02202400,3.77200000
2018-05-24 13:36:00.000000,0.02207300,0.02212200,0.02202500,0.02212200,5.05000000
2018-05-24 13:37:00.000000,0.02211200,0.02212500,0.02205100,0.02206800,5.06000000
2018-05-24 13:38:00.000000,0.02212200,0.02213100,0.02205600,0.02205600,3.39900000
2018-05-24 13:39:00.000000,0.02205600,0.02212200,0.02203400,0.02212100,11.36000000
2018-05-24 13:40:00.000000,0.02212200,0.02220300,0.02212100,0.02220200,51.55400000
2018-05-24 13:41:00.000000,0.02215500,0.02220200,0.02215500,0.02216900,50.58900000
2018-05-24 13:42:00.000000,0.02217000,0.02217900,0.02215500,0.02215600,50.06300000
2018-05-24 13:43:00.000000,0.02216000,0.02217800,0.02216000,0.02217800,55.55900000
2018-05-24 13:44:00.000000,0.02219000,0.02219000,0.02217800,0.02217900,33.81700000
2018-05-24 13:45:00.000000,0.02217900,0.02218700,0.02217800,0.02217900,23.82700000
2018-05-24 13:46:00.000000,0.02218700,0.02222300,0.02217800,0.02221900,22.99500000
2018-05-24 13:47:00.000000,0.02217400,0.02221800,0.02213200,0.02213500,21.31300000
2018-05-24 13:48:00.000000,0.02221800,0.02221800,0.02216300,0.02216400,5.36000000
2018-05-24 13:49:00.000000,0.02216400,0.02216400,0.02216300,0.02216400,13.26500000
2018-05-24 13:50:00.000000,0.02217700,0.02221700,0.02217700,0.02221700,0.15400000
2018-05-24 13:51:00.000000,0.02221700,0.02222300,0.02217100,0.02217300,13.50700000
2018-05-24 13:52:00.000000,0.02217300,0.02221800,0.02217100,0.02221800,2.44500000
2018-05-24 13:53:00.000000,0.02221500,0.02221800,0.02217200,0.02217200,2.60500000
2018-05-24 13:54:00.000000,0.02220000,0.02233900,0.02218600,0.02230700,91.62000000
2018-05-24 13:55:00.000000,0.02219800,0.02230400,0.02219100,0.02229100,2.70400000
2018-05-24 13:56:00.000000,0.02219500,0.02226500,0.02219500,0.02226500,3.62200000
2018-05-24 13:57:00.000000,0.02225100,0.02225100,0.02217400,0.02217500,14.68000000
2018-05-24 13:58:00.000000,0.02217400,0.02218500,0.02217400,0.02218500,12.72000000
2018-05-24 13:59:00.000000,0.02218500,0.02218500,0.02217400,0.02217500,31.99100000
2018-05-24 14:00:00.000000,0.02217500,0.02236000,0.02217400,0.02222800,138.68100000
2018-05-24 14:01:00.000000,0.02221600,0.02221600,0.02217500,0.02220600,7.50600000
2018-05-24 14:02:00.000000,0.02228000,0.02228000,0.02217000,0.02217100,18.72100000
2018-05-24 14:03:00.000000,0.02218100,0.02218100,0.02217000,0.02217000,30.32000000
2018-05-24 14:04:00.000000,0.02217200,0.02224000,0.02217200,0.02224000,23.14000000
2018-05-24 14:05:00.000000,0.02224000,0.02224000,0.02224000,0.02224000,0.00000000
2018-05-24 14:06:00.000000,0.02217300,0.02223500,0.02217300,0.02223100,3.02500000
2018-05-24 14:07:00.000000,0.02217500,0.02222000,0.02217500,0.02218000,30.29300000
2018-05-24 14:08:00.000000,0.02218200,0.02223200,0.02217200,0.02223000,5.90800000
2018-05-24 14:09:00.000000,0.02220500,0.02222900,0.02220500,0.02222900,5.59200000
2018-05-24 14:10:00.000000,0.02220500,0.02222200,0.02217200,0.02217900,4.34800000
2018-05-24 14:11:00.000000,0.02217300,0.02225100,0.02217200,0.02217900,4.27700000
2018-05-24 14:12:00.000000,0.02218000,0.02222500,0.02217300,0.02217900,1.27000000
2018-05-24 14:13:00.000000,0.02217900,0.02217900,0.02217300,0.02217900,56.43200000
2018-05-24 14:14:00.000000,0.02224300,0.02224300,0.02213000,0.02213000,90.62300000
2018-05-24 14:15:00.000000,0.02213200,0.02222900,0.02213200,0.02221600,4.45400000
2018-05-24 14:16:00.000000,0.02221400,0.02230800,0.02218800,0.02218800,31.93800000
2018-05-24 14:17:00.000000,0.02223900,0.02224000,0.02223700,0.02223700,11.92200000
2018-05-24 14:18:00.000000,0.02225200,0.02226700,0.02223700,0.02223700,15.46100000
2018-05-24 14:19:00.000000,0.02224200,0.02227800,0.02212200,0.02216100,121.26900000
2018-05-24 14:20:00.000000,0.02222600,0.02224100,0.02222600,0.02224100,3.45700000
2018-05-24 14:21:00.000000,0.02222700,0.02224200,0.02222600,0.02224100,18.60400000
2018-05-24 14:22:00.000000,0.02224100,0.02225400,0.02224100,0.02224300,4.59300000
2018-05-24 14:23:00.000000,0.02224300,0.02226000,0.02224300,0.02225600,10.77000000
2018-05-24 14:24:00.000000,0.02224300,0.02228500,0.02215300,0.02215300,54.01800000
2018-05-24 14:25:00.000000,0.02224700,0.02229500,0.02215400,0.02224200,86.93900000
2018-05-24 14:26:00.000000,0.02224200,0.02224200,0.02218200,0.02222100,6.60400000
2018-05-24 14:27:00.000000,0.02222100,0.02227700,0.02219100,0.02227200,11.88500000
2018-05-24 14:28:00.000000,0.02226900,0.02229300,0.02223100,0.02228800,19.10300000
2018-05-24 14:29:00.000000,0.02228400,0.02228400,0.02222200,0.02222200,2.91400000
2018-05-24 14:30:00.000000,0.02227900,0.02227900,0.02222600,0.02222600,5.47200000
2018-05-24 14:31:00.000000,0.02222300,0.02226400,0.02222200,0.02226300,1.94500000
2018-05-24 14:32:00.000000,0.02223700,0.02223700,0.02217000,0.02217000,33.00200000
2018-05-24 14:33:00.000000,0.02224000,0.02228600,0.02223900,0.02228400,38.75500000
2018-05-24 14:34:00.000000,0.02222700,0.02226800,0.02222700,0.02222800,1.51200000
2018-05-24 14:35:00.000000,0.02219400,0.02224300,0.02215300,0.02223500,44.79100000
2018-05-24 14:36:00.000000,0.02223100,0.02228300,0.02223000,0.02228300,4.54300000
2018-05-24 14:37:00.000000,0.02225000,0.02232000,0.02219500,0.02225000,47.02600000
2018-05-24 14:38:00.000000,0.02221000,0.02226600,0.02208700,0.02223700,65.44900000
2018-05-24 14:39:00.000000,0.02222700,0.02222800,0.02207100,0.02221800,103.59800000
2018-05-24 14:40:00.000000,0.02217000,0.02223700,0.02208900,0.02221700,35.06200000
2018-05-24 14:41:00.000000,0.02223100,0.02223700,0.02223000,0.02223000,9.50000000
2018-05-24 14:42:00.000000,0.02222500,0.02225000,0.02222500,0.02225000,104.87100000
2018-05-24 14:43:00.000000,0.02223000,0.02226900,0.02217400,0.02224500,56.50300000
2018-05-24 14:44:00.000000,0.02224600,0.02224800,0.02220400,0.02220400,2.32500000
2018-05-24 14:45:00.000000,0.02224200,0.02224200,0.02224100,0.02224100,0.07800000
2018-05-24 14:46:00.000000,0.02220300,0.02224700,0.02209700,0.02209700,33.28800000
2018-05-24 14:47:00.000000,0.02221300,0.02223900,0.02210500,0.02223900,32.15000000
2018-05-24 14:48:00.000000,0.02224400,0.02224400,0.02224000,0.02224000,8.01600000
2018-05-24 14:49:00.000000,0.02224100,0.02224800,0.02224100,0.02224100,4.50400000
2018-05-24 14:50:00.000000,0.02224100,0.02224100,0.02214300,0.02222100,1.77000000
2018-05-24 14:51:00.000000,0.02220900,0.02228200,0.02220800,0.02220800,31.67300000
2018-05-24 14:52:00.000000,0.02220800,0.02225200,0.02219000,0.02219700,27.47000000
2018-05-24 14:53:00.000000,0.02217900,0.02221600,0.02216800,0.02218200,12.27200000
2018-05-24 14:54:00.000000,0.02221100,0.02221100,0.02213400,0.02218100,10.52900000
2018-05-24 14:55:00.000000,0.02217900,0.02217900,0.02217900,0.02217900,0.13700000
2018-05-24 14:56:00.000000,0.02217900,0.02225000,0.02216200,0.02225000,19.23000000
2018-05-24 14:57:00.000000,0.02223900,0.02223900,0.02222000,0.02222000,0.53900000
2018-05-24 14:58:00.000000,0.02225100,0.02227900,0.02220600,0.02227900,6.04600000
2018-05-24 14:59:00.000000,0.02221400,0.02226000,0.02220700,0.02221300,14.01600000
2018-05-24 15:00:00.000000,0.02225500,0.02227500,0.02222900,0.02222900,4.67200000
2018-05-24 15:01:00.000000,0.02222800,0.02225600,0.02222800,0.02222900,49.70500000
2018-05-24 15:02:00.000000,0.02225500,0.02225500,0.02218200,0.02224900,70.70900000
2018-05-24 15:03:00.000000,0.02221800,0.02225700,0.02218000,0.02225700,58.44900000
2018-05-24 15:04:00.000000,0.02224500,0.02228200,0.02224400,0.02225100,17.42400000
2018-05-24 15:05:00.000000,0.02225100,0.02225800,0.02224600,0.02225800,126.72700000
2018-05-24 15:06:00.000000,0.02228200,0.02228200,0.02224400,0.02228200,2.55700000
2018-05-24 15:07:00.000000,0.02228000,0.02236000,0.02228000,0.02232700,29.22900000
2018-05-24 15:08:00.000000,0.02226200,0.02232100,0.02225100,0.02230800,14.60500000
2018-05-24 15:09:00.000000,0.02228400,0.02234900,0.02228400,0.02232500,53.52200000
2018-05-24 15:10:00.000000,0.02232500,0.02234900,0.02232500,0.02232500,134.63200000
2018-05-24 15:11:00.000000,0.02232700,0.02235800,0.02232700,0.02235800,46.71500000
2018-05-24 15:12:00.000000,0.02233900,0.02234200,0.02233900,0.02234200,2.06200000
2018-05-24 15:13:00.000000,0.02236800,0.02236900,0.02232700,0.02232700,30.24000000
2018-05-24 15:14:00.000000,0.02232900,0.02236600,0.02230100,0.02230900,69.10500000
2018-05-24 15:15:00.000000,0.02230200,0.02235500,0.02227300,0.02232300,17.55100000
2018-05-24 15:16:00.000000,0.02237100,0.02239000,0.02233900,0.02233900,22.30100000
2018-05-24 15:17:00.000000,0.02238800,0.02238800,0.02238800,0.02238800,0.07200000
2018-05-24 15:18:00.000000,0.02234000,0.02234000,0.02229300,0.02231500,26.53000000
2018-05-24 15:19:00.000000,0.02235600,0.02235600,0.02232000,0.02232000,1.78600000
2018-05-24 15:20:00.000000,0.02232400,0.02232400,0.02224100,0.02224100,40.60600000
2018-05-24 15:21:00.000000,0.02232200,0.02232400,0.02227300,0.02232400,7.62600000
2018-05-24 15:22:00.000000,0.02236200,0.02236200,0.02223000,0.02223000,60.67300000
2018-05-24 15:23:00.000000,0.02228800,0.02228800,0.02224100,0.02224200,3.02500000
2018-05-24 15:24:00.000000,0.02224400,0.02229000,0.02224300,0.02227900,11.36200000
2018-05-24 15:25:00.000000,0.02227500,0.02227900,0.02227500,0.02227900,0.89800000
2018-05-24 15:26:00.000000,0.02227900,0.02227900,0.02225900,0.02225900,5.71000000
2018-05-24 15:27:00.000000,0.02226900,0.02235700,0.02226000,0.02235400,78.91600000
2018-05-24 15:28:00.000000,0.02230900,0.02234600,0.02227300,0.02234600,8.01600000
2018-05-24 15:29:00.000000,0.02230000,0.02232100,0.02229400,0.02229700,2.86900000
2018-05-24 15:30:00.000000,0.02227700,0.02234300,0.02227700,0.02233900,4.21700000
2018-05-24 15:31:00.000000,0.02233600,0.02234000,0.02227400,0.02232000,23.91500000
2018-05-24 15:32:00.000000,0.02232000,0.02232000,0.02232000,0.02232000,0.00000000
2018-05-24 15:33:00.000000,0.02229300,0.02231600,0.02229300,0.02229500,1.27500000
2018-05-24 15:34:00.000000,0.02229500,0.02229500,0.02229500,0.02229500,0.00000000
2018-05-24 15:35:00.000000,0.02231600,0.02233000,0.02231600,0.02233000,8.68900000
2018-05-24 15:36:00.000000,0.02229300,0.02230400,0.02229100,0.02229100,3.80800000
2018-05-24 15:37:00.000000,0.02231800,0.02231800,0.02230600,0.02230600,1.79200000
2018-05-24 15:38:00.000000,0.02232800,0.02232800,0.02231900,0.02232800,9.33400000
2018-05-24 15:39:00.000000,0.02232800,0.02232800,0.02229700,0.02229900,10.71200000
2018-05-24 15:40:00.000000,0.02232900,0.02257200,0.02232900,0.02249400,103.78500000
2018-05-24 15:41:00.000000,0.02249400,0.02264900,0.02247500,0.02263000,51.55000000
2018-05-24 15:42:00.000000,0.02264900,0.02270000,0.02263000,0.02267300,38.66400000
2018-05-24 15:43:00.000000,0.02267100,0.02268300,0.02254900,0.02254900,136.77200000
2018-05-24 15:44:00.000000,0.02255000,0.02270000,0.02255000,0.02262100,17.16100000
2018-05-24 15:45:00.000000,0.02262200,0.02275000,0.02262100,0.02268600,190.96900000
2018-05-24 15:46:00.000000,0.02274700,0.02276400,0.02269200,0.02275000,65.18800000
2018-05-24 15:47:00.000000,0.02275000,0.02276400,0.02268300,0.02268800,23.15800000
2018-05-24 15:48:00.000000,0.02269000,0.02276100,0.02262900,0.02266400,123.34900000
2018-05-24 15:49:00.000000,0.02274800,0.02274900,0.02264100,0.02267500,79.03100000
2018-05-24 15:50:00.000000,0.02273400,0.02276300,0.02268300,0.02274200,4.56100000
2018-05-24 15:51:00.000000,0.02269000,0.02269900,0.02268900,0.02269800,64.29600000
2018-05-24 15:52:00.000000,0.02269800,0.02276300,0.02269800,0.02271000,6.43000000
2018-05-24 15:53:00.000000,0.02271200,0.02276400,0.02271200,0.02271500,11.44700000
2018-05-24 15:54:00.000000,0.02271400,0.02276400,0.02268800,0.02276100,17.62900000
2018-05-24 15:55:00.000000,0.02276000,0.02276000,0.02271400,0.02271400,5.57200000
2018-05-24 15:56:00.000000,0.02275300,0.02275300,0.02271600,0.02275200,0.97700000
2018-05-24 15:57:00.000000,0.02271800,0.02274800,0.02271300,0.02274600,11.97000000
2018-05-24 15:58:00.000000,0.02271700,0.02273700,0.02271500,0.02273700,11.70600000
2018-05-24 15:59:00.000000,0.02273700,0.02273700,0.02271600,0.02273600,46.40800000
2018-05-24 16:00:00.000000,0.02273600,0.02275600,0.02271600,0.02275600,4.46900000
2018-05-24 16:01:00.000000,0.02275600,0.02275800,0.02271600,0.02271600,21.44700000
2018-05-24 16:02:00.000000,0.02271700,0.02275700,0.02268400,0.02273300,44.75200000
2018-05-24 16:03:00.000000,0.02273100,0.02274300,0.02268400,0.02274300,34.71900000
2018-05-24 16:04:00.000000,0.02275200,0.02275500,0.02268600,0.02270700,17.56200000
2018-05-24 16:05:00.000000,0.02269700,0.02272200,0.02262100,0.02262100,92.76800000
2018-05-24 16:06:00.000000,0.02271300,0.02271400,0.02260000,0.02266100,6.66100000
2018-05-24 16:07:00.000000,0.02260300,0.02262100,0.02250100,0.02254900,38.27000000
2018-05-24 16:08:00.000000,0.02250700,0.02262500,0.02248500,0.02253200,20.45600000
2018-05-24 16:09:00.000000,0.02253200,0.02262300,0.02249000,0.02260700,56.41000000
2018-05-24 16:10:00.000000,0.02260800,0.02260800,0.02254000,0.02255600,15.32200000
2018-05-24 16:11:00.000000,0.02260700,0.02262200,0.02256400,0.02261000,19.50400000
2018-05-24 16:12:00.000000,0.02261600,0.02262200,0.02260900,0.02260900,5.31000000
2018-05-24 16:13:00.000000,0.02260900,0.02267300,0.02260900,0.02267200,12.45800000
2018-05-24 16:14:00.000000,0.02267300,0.02275200,0.02267300,0.02275200,31.43900000
2018-05-24 16:15:00.000000,0.02265900,0.02275000,0.02265900,0.02274900,8.73900000
2018-05-24 16:16:00.000000,0.02274900,0.02276300,0.02270700,0.02271100,4.36700000
2018-05-24 16:17:00.000000,0.02272900,0.02274900,0.02271700,0.02274800,3.61000000
2018-05-24 16:18:00.000000,0.02271500,0.02274900,0.02271500,0.02274900,4.32700000
2018-05-24 16:19:00.000000,0.02272100,0.02276300,0.02271200,0.02276300,11.58300000
2018-05-24 16:20:00.000000,0.02276200,0.02276200,0.02272200,0.02276200,3.26500000
2018-05-24 16:21:00.000000,0.02276200,0.02276200,0.02272700,0.02273000,6.59800000
2018-05-24 16:22:00.000000,0.02276000,0.02276000,0.02273000,0.02273100,5.30600000
2018-05-24 16:23:00.000000,0.02273000,0.02275800,0.02273000,0.02275800,0.66500000
2018-05-24 16:24:00.000000,0.02273100,0.02273100,0.02273000,0.02273000,1.13500000
2018-05-24 16:25:00.000000,0.02273100,0.02276000,0.02272800,0.02272900,7.22900000
2018-05-24 16:26:00.000000,0.02274000,0.02276000,0.02272900,0.02276000,33.20700000
2018-05-24 16:27:00.000000,0.02273000,0.02276400,0.02271500,0.02276400,86.21200000
2018-05-24 16:28:00.000000,0.02276400,0.02276400,0.02272200,0.02276200,89.14300000
2018-05-24 16:29:00.000000,0.02276100,0.02276300,0.02273000,0.02276300,82.87300000
2018-05-24 16:30:00.000000,0.02275500,0.02276400,0.02273100,0.02273100,81.89000000
2018-05-24 16:31:00.000000,0.02273400,0.02280400,0.02273100,0.02278900,26.37300000
2018-05-24 16:32:00.000000,0.02273800,0.02286700,0.02273100,0.02276000,171.74100000
2018-05-24 16:33:00.000000,0.02277700,0.02279800,0.02277700,0.02277800,6.11800000
2018-05-24 16:34:00.000000,0.02278400,0.02285500,0.02277500,0.02285500,17.12500000
2018-05-24 16:35:00.000000,0.02286600,0.02290700,0.02279800,0.02284500,12.08000000
2018-05-24 16:36:00.000000,0.02284400,0.02290600,0.02280000,0.02287300,37.59600000
2018-05-24 16:37:00.000000,0.02287400,0.02291800,0.02283700,0.02283700,49.47200000
2018-05-24 16:38:00.000000,0.02283800,0.02287300,0.02274700,0.02280200,56.09500000
2018-05-24 16:39:00.000000,0.02278100,0.02293300,0.02278100,0.02284700,45.43200000
2018-05-24 16:40:00.000000,0.02288300,0.02295000,0.02288300,0.02295000,112.46500000
2018-05-24 16:41:00.000000,0.02292600,0.02300000,0.02292600,0.02300000,103.54300000
2018-05-24 16:42:00.000000,0.02297800,0.02300000,0.02297800,0.02299900,8.02800000
2018-05-24 16:43:00.000000,0.02300000,0.02301300,0.02298100,0.02301300,23.24100000
2018-05-24 16:44:00.000000,0.02301200,0.02301400,0.02300100,0.02300200,80.48400000
2018-05-24 16:45:00.000000,0.02300200,0.02301200,0.02293300,0.02293500,86.82200000
2018-05-24 16:46:00.000000,0.02293800,0.02299200,0.02293500,0.02293900,9.61500000
2018-05-24 16:47:00.000000,0.02298300,0.02298300,0.02294000,0.02297900,3.60400000
2018-05-24 16:48:00.000000,0.02294000,0.02294000,0.02293900,0.02293900,0.32100000
2018-05-24 16:49:00.000000,0.02293900,0.02294000,0.02293900,0.02293900,6.36300000
2018-05-24 16:50:00.000000,0.02293600,0.02293900,0.02293500,0.02293800,30.34200000
2018-05-24 16:51:00.000000,0.02293700,0.02293900,0.02293600,0.02293800,15.70400000
2018-05-24 16:52:00.000000,0.02293900,0.02293900,0.02293800,0.02293900,7.77300000
2018-05-24 16:53:00.000000,0.02293800,0.02293800,0.02289000,0.02289000,23.01900000
2018-05-24 16:54:00.000000,0.02289000,0.02289000,0.02285100,0.02285300,14.49200000
2018-05-24 16:55:00.000000,0.02285300,0.02288900,0.02283600,0.02288400,63.66100000
2018-05-24 16:56:00.000000,0.02288300,0.02293700,0.02283200,0.02293700,40.25600000
2018-05-24 16:57:00.000000,0.02293400,0.02293700,0.02293400,0.02293700,19.77800000
2018-05-24 16:58:00.000000,0.02292900,0.02293600,0.02292900,0.02293600,2.24100000
2018-05-24 16:59:00.000000,0.02289000,0.02293800,0.02289000,0.02289800,6.22000000
2018-05-24 17:00:00.000000,0.02289900,0.02293400,0.02288200,0.02288700,18.23500000
2018-05-24 17:01:00.000000,0.02288700,0.02292700,0.02275100,0.02286800,87.82400000
2018-05-24 17:02:00.000000,0.02283000,0.02291600,0.02283000,0.02291600,15.23800000
2018-05-24 17:03:00.000000,0.02291200,0.02293900,0.02286600,0.02293900,23.58800000
2018-05-24 17:04:00.000000,0.02289000,0.02293600,0.02289000,0.02293600,0.46000000
2018-05-24 17:05:00.000000,0.02293600,0.02293600,0.02293600,0.02293600,1.07600000
2018-05-24 17:06:00.000000,0.02292900,0.02293600,0.02288300,0.02293600,13.52800000
2018-05-24 17:07:00.000000,0.02293300,0.02293600,0.02287800,0.02287800,7.38100000
2018-05-24 17:08:00.000000,0.02292300,0.02293900,0.02289500,0.02289500,63.15600000
2018-05-24 17:09:00.000000,0.02289500,0.02289500,0.02289500,0.02289500,0.00000000
2018-05-24 17:10:00.000000,0.02293700,0.02293900,0.02290100,0.02290100,29.87700000
2018-05-24 17:11:00.000000,0.02290200,0.02290200,0.02290100,0.02290200,4.76700000
2018-05-24 17:12:00.000000,0.02290300,0.02291300,0.02290100,0.02290200,4.90500000
2018-05-24 17:13:00.000000,0.02290200,0.02293200,0.02290100,0.02290200,2.32400000
2018-05-24 17:14:00.000000,0.02290200,0.02291600,0.02290200,0.02290300,1.86900000
2018-05-24 17:15:00.000000,0.02290400,0.02290400,0.02290300,0.02290400,1.29400000
2018-05-24 17:16:00.000000,0.02290400,0.02290400,0.02290400,0.02290400,2.88800000
2018-05-24 17:17:00.000000,0.02290300,0.02291700,0.02290300,0.02290500,9.81200000
2018-05-24 17:18:00.000000,0.02293000,0.02293000,0.02280500,0.02283000,30.20100000
2018-05-24 17:19:00.000000,0.02283300,0.02291300,0.02283300,0.02287000,31.70500000
2018-05-24 17:20:00.000000,0.02292800,0.02292800,0.02278700,0.02278700,43.35500000
2018-05-24 17:21:00.000000,0.02281100,0.02291400,0.02278800,0.02284900,20.88500000
2018-05-24 17:22:00.000000,0.02279700,0.02279700,0.02279700,0.02279700,4.77700000
2018-05-24 17:23:00.000000,0.02279700,0.02279700,0.02278700,0.02278700,4.83000000
2018-05-24 17:24:00.000000,0.02276400,0.02278500,0.02276400,0.02276500,3.16100000
2018-05-24 17:25:00.000000,0.02276500,0.02276500,0.02274400,0.02274400,6.74500000
2018-05-24 17:26:00.000000,0.02273200,0.02273400,0.02270000,0.02270200,7.18600000
2018-05-24 17:27:00.000000,0.02272500,0.02273800,0.02260900,0.02273300,99.35700000
2018-05-24 17:28:00.000000,0.02273300,0.02273300,0.02267100,0.02273100,51.25900000
2018-05-24 17:29:00.000000,0.02272600,0.02272600,0.02272600,0.02272600,0.08800000
2018-05-24 17:30:00.000000,0.02272500,0.02272500,0.02266900,0.02271700,4.66600000
2018-05-24 17:31:00.000000,0.02268400,0.02271700,0.02261300,0.02265700,52.75100000
2018-05-24 17:32:00.000000,0.02265500,0.02265500,0.02264600,0.02264600,3.71300000
2018-05-24 17:33:00.000000,0.02264700,0.02270000,0.02264600,0.02269600,82.70000000
2018-05-24 17:34:00.000000,0.02267400,0.02269400,0.02265300,0.02266700,1.37500000
2018-05-24 17:35:00.000000,0.02269400,0.02269400,0.02269300,0.02269400,16.02700000
2018-05-24 17:36:00.000000,0.02269500,0.02270000,0.02267700,0.02269500,38.97400000
2018-05-24 17:37:00.000000,0.02267800,0.02270000,0.02267800,0.02269600,160.51600000
2018-05-24 17:38:00.000000,0.02270000,0.02270000,0.02267800,0.02267800,159.81300000
2018-05-24 17:39:00.000000,0.02267800,0.02270000,0.02266700,0.02266800,38.76700000
2018-05-24 17:40:00.000000,0.02269100,0.02269400,0.02266800,0.02267000,21.13800000
2018-05-24 17:41:00.000000,0.02266600,0.02266800,0.02266500,0.02266700,11.57800000
2018-05-24 17:42:00.000000,0.02263500,0.02266200,0.02260000,0.02260000,12.80400000
2018-05-24 17:43:00.000000,0.02259600,0.02265900,0.02257700,0.02260100,8.35300000
2018-05-24 17:44:00.000000,0.02260000,0.02260100,0.02260000,0.02260000,0.87100000
2018-05-24 17:45:00.000000,0.02260000,0.02260000,0.02258200,0.02260000,16.54900000
2018-05-24 17:46:00.000000,0.02260000,0.02260000,0.02258000,0.02258300,13.85000000
2018-05-24 17:47:00.000000,0.02258800,0.02258800,0.02258000,0.02258000,4.56300000
2018-05-24 17:48:00.000000,0.02258000,0.02258000,0.02257700,0.02257800,19.10800000
2018-05-24 17:49:00.000000,0.02256700,0.02257800,0.02247000,0.02254300,48.71600000
2018-05-24 17:50:00.000000,0.02255200,0.02255200,0.02242200,0.02244700,67.31900000
2018-05-24 17:51:00.000000,0.02244700,0.02246000,0.02244400,0.02245900,34.72900000
2018-05-24 17:52:00.000000,0.02245900,0.02246000,0.02245800,0.02246000,18.04800000
2018-05-24 17:53:00.000000,0.02246000,0.02246000,0.02242000,0.02245800,16.54200000
2018-05-24 17:54:00.000000,0.02245800,0.02246000,0.02245800,0.02246000,15.18700000
2018-05-24 17:55:00.000000,0.02245900,0.02246000,0.02245900,0.02246000,9.92800000
2018-05-24 17:56:00.000000,0.02246000,0.02246000,0.02242700,0.02246000,58.44400000
2018-05-24 17:57:00.000000,0.02246000,0.02246000,0.02242500,0.02242600,130.05800000
2018-05-24 17:58:00.000000,0.02242600,0.02245000,0.02235200,0.02245000,63.24700000
2018-05-24 17:59:00.000000,0.02244800,0.02244800,0.02244200,0.02244200,12.78800000
2018-05-24 18:00:00.000000,0.02244100,0.02244100,0.02234000,0.02244000,29.50500000
2018-05-24 18:01:00.000000,0.02242300,0.02243900,0.02242200,0.02242300,22.09400000
2018-05-24 18:02:00.000000,0.02242300,0.02244000,0.02236400,0.02236400,32.89300000
2018-05-24 18:03:00.000000,0.02242400,0.02243900,0.02242400,0.02242600,12.64000000
2018-05-24 18:04:00.000000,0.02242600,0.02243900,0.02238100,0.02242400,8.55200000
2018-05-24 18:05:00.000000,0.02242400,0.02242400,0.02238700,0.02242100,2.30500000
2018-05-24 18:06:00.000000,0.02242200,0.02242400,0.02234000,0.02242400,111.30200000
2018-05-24 18:07:00.000000,0.02237900,0.02242300,0.02233500,0.02242300,60.02200000
2018-05-24 18:08:00.000000,0.02242000,0.02242000,0.02233600,0.02238900,31.86600000
2018-05-24 18:09:00.000000,0.02238900,0.02243600,0.02233600,0.02241500,97.89300000
2018-05-24 18:10:00.000000,0.02240700,0.02242900,0.02240700,0.02242800,12.53400000
2018-05-24 18:11:00.000000,0.02238800,0.02239900,0.02238600,0.02239900,121.68000000
2018-05-24 18:12:00.000000,0.02240000,0.02240000,0.02239100,0.02239400,49.95700000
2018-05-24 18:13:00.000000,0.02239900,0.02240000,0.02239300,0.02239400,51.84400000
2018-05-24 18:14:00.000000,0.02239400,0.02239400,0.02238800,0.02238800,3.71400000
2018-05-24 18:15:00.000000,0.02239100,0.02239100,0.02234200,0.02239000,28.80700000
2018-05-24 18:16:00.000000,0.02238800,0.02239000,0.02238800,0.02239000,3.13700000
2018-05-24 18:17:00.000000,0.02239000,0.02239000,0.02236000,0.02238900,4.05300000
2018-05-24 18:18:00.000000,0.02238900,0.02238900,0.02236000,0.02236000,92.27100000
2018-05-24 18:19:00.000000,0.02238900,0.02238900,0.02237500,0.02238800,7.61600000
2018-05-24 18:20:00.000000,0.02237400,0.02238800,0.02236100,0.02236100,8.02200000
2018-05-24 18:21:00.000000,0.02236300,0.02238400,0.02236000,0.02236000,80.06400000
2018-05-24 18:22:00.000000,0.02236000,0.02236500,0.02233700,0.02236500,14.51100000
2018-05-24 18:23:00.000000,0.02236500,0.02236500,0.02235000,0.02236500,19.93200000
2018-05-24 18:24:00.000000,0.02236500,0.02238500,0.02233800,0.02236300,8.98000000
2018-05-24 18:25:00.000000,0.02233900,0.02236300,0.02233900,0.02236300,6.15400000
2018-05-24 18:26:00.000000,0.02236200,0.02242800,0.02234100,0.02242800,102.13400000
2018-05-24 18:27:00.000000,0.02242800,0.02242800,0.02242400,0.02242400,1.55000000
2018-05-24 18:28:00.000000,0.02241700,0.02241900,0.02237800,0.02241400,9.17600000
2018-05-24 18:29:00.000000,0.02241600,0.02242400,0.02232200,0.02241900,37.00500000
2018-05-24 18:30:00.000000,0.02241800,0.02244500,0.02235100,0.02244500,85.45500000
2018-05-24 18:31:00.000000,0.02244500,0.02247800,0.02244500,0.02244500,27.31500000
2018-05-24 18:32:00.000000,0.02244500,0.02247800,0.02244500,0.02247800,3.58800000
2018-05-24 18:33:00.000000,0.02246200,0.02247700,0.02244400,0.02244400,22.72700000
2018-05-24 18:34:00.000000,0.02246900,0.02247500,0.02244400,0.02247300,15.61000000
2018-05-24 18:35:00.000000,0.02247500,0.02247500,0.02244400,0.02247200,29.48700000
2018-05-24 18:36:00.000000,0.02245900,0.02247200,0.02245900,0.02247100,19.94700000
2018-05-24 18:37:00.000000,0.02247100,0.02252100,0.02245900,0.02252100,148.18700000
2018-05-24 18:38:00.000000,0.02252000,0.02252500,0.02244600,0.02251000,45.79600000
2018-05-24 18:39:00.000000,0.02250400,0.02251000,0.02245700,0.02245800,14.25500000
2018-05-24 18:40:00.000000,0.02245800,0.02261300,0.02245800,0.02254600,42.80900000
2018-05-24 18:41:00.000000,0.02254400,0.02254500,0.02250000,0.02254500,7.79400000
2018-05-24 18:42:00.000000,0.02254500,0.02254500,0.02250200,0.02250900,8.42000000
2018-05-24 18:43:00.000000,0.02254300,0.02254500,0.02254300,0.02254500,43.45200000
2018-05-24 18:44:00.000000,0.02252100,0.02254400,0.02252100,0.02252200,3.51100000
2018-05-24 18:45:00.000000,0.02252100,0.02254200,0.02250000,0.02254200,18.74000000
2018-05-24 18:46:00.000000,0.02252000,0.02252000,0.02252000,0.02252000,0.05800000
2018-05-24 18:47:00.000000,0.02254200,0.02265400,0.02250100,0.02262700,92.63500000
2018-05-24 18:48:00.000000,0.02256800,0.02264000,0.02256700,0.02264000,3.81100000
2018-05-24 18:49:00.000000,0.02258000,0.02264000,0.02257100,0.02258600,12.99900000
2018-05-24 18:50:00.000000,0.02258700,0.02263000,0.02258700,0.02262000,2.27700000
2018-05-24 18:51:00.000000,0.02258800,0.02262200,0.02257300,0.02262000,8.52900000
2018-05-24 18:52:00.000000,0.02257700,0.02261800,0.02257700,0.02260100,16.71600000
2018-05-24 18:53:00.000000,0.02260100,0.02262300,0.02260100,0.02261700,54.94800000
2018-05-24 18:54:00.000000,0.02261700,0.02265300,0.02261600,0.02261700,157.61800000
2018-05-24 18:55:00.000000,0.02262000,0.02265400,0.02262000,0.02265000,6.02800000
2018-05-24 18:56:00.000000,0.02262500,0.02264900,0.02262500,0.02263200,0.80100000
2018-05-24 18:57:00.000000,0.02264700,0.02265400,0.02263400,0.02264900,35.85600000
2018-05-24 18:58:00.000000,0.02263500,0.02264900,0.02263100,0.02263300,3.23900000
2018-05-24 18:59:00.000000,0.02263100,0.02264100,0.02263100,0.02263400,4.81300000
2018-05-24 19:00:00.000000,0.02264800,0.02264900,0.02263000,0.02263300,1.09100000
2018-05-24 19:01:00.000000,0.02263300,0.02264900,0.02261700,0.02264800,19.91800000
2018-05-24 19:02:00.000000,0.02263400,0.02264500,0.02263400,0.02264500,0.86000000
2018-05-24 19:03:00.000000,0.02263900,0.02264500,0.02263100,0.02263400,11.67500000
2018-05-24 19:04:00.000000,0.02263500,0.02264500,0.02261700,0.02261700,45.27300000
2018-05-24 19:05:00.000000,0.02264400,0.02264400,0.02261700,0.02261800,6.19000000
2018-05-24 19:06:00.000000,0.02263000,0.02270000,0.02261800,0.02265200,58.64800000
2018-05-24 19:07:00.000000,0.02265200,0.02267200,0.02265200,0.02265400,35.75100000
2018-05-24 19:08:00.000000,0.02265400,0.02268600,0.02265400,0.02265400,30.84900000
2018-05-24 19:09:00.000000,0.02265400,0.02268400,0.02265400,0.02268400,26.11900000
2018-05-24 19:10:00.000000,0.02268500,0.02268500,0.02265400,0.02265500,4.28700000
2018-05-24 19:11:00.000000,0.02265600,0.02268500,0.02265400,0.02265600,20.96000000
2018-05-24 19:12:00.000000,0.02265700,0.02265700,0.02265300,0.02265300,62.53600000
2018-05-24 19:13:00.000000,0.02268400,0.02268500,0.02265300,0.02265500,6.46400000
2018-05-24 19:14:00.000000,0.02264900,0.02273000,0.02261800,0.02267400,52.43000000
2018-05-24 19:15:00.000000,0.02267200,0.02267200,0.02261700,0.02261700,1.20100000
2018-05-24 19:16:00.000000,0.02261700,0.02261700,0.02261700,0.02261700,0.00000000
2018-05-24 19:17:00.000000,0.02263100,0.02263100,0.02261700,0.02261800,1.70600000
2018-05-24 19:18:00.000000,0.02261700,0.02264000,0.02261700,0.02264000,41.54500000
2018-05-24 19:19:00.000000,0.02264000,0.02264000,0.02261900,0.02264000,21.51400000
2018-05-24 19:20:00.000000,0.02262200,0.02266600,0.02262200,0.02262300,35.83900000
2018-05-24 19:21:00.000000,0.02266400,0.02266700,0.02262400,0.02263700,155.88900000
2018-05-24 19:22:00.000000,0.02264900,0.02266500,0.02262500,0.02266500,61.67900000
2018-05-24 19:23:00.000000,0.02266500,0.02266500,0.02262700,0.02263000,3.16400000
2018-05-24 19:24:00.000000,0.02263100,0.02272500,0.02262700,0.02263500,21.74100000
2018-05-24 19:25:00.000000,0.02272100,0.02272200,0.02262900,0.02262900,1.42800000
2018-05-24 19:26:00.000000,0.02267000,0.02269700,0.02264100,0.02269700,10.62800000
2018-05-24 19:27:00.000000,0.02267300,0.02267400,0.02262600,0.02262700,5.58200000
2018-05-24 19:28:00.000000,0.02266200,0.02266200,0.02262600,0.02262700,2.16500000
2018-05-24 19:29:00.000000,0.02266000,0.02266000,0.02262600,0.02262700,2.28700000
2018-05-24 19:30:00.000000,0.02262500,0.02265900,0.02261700,0.02265900,5.56500000
2018-05-24 19:31:00.000000,0.02265800,0.02265900,0.02262700,0.02262700,64.92600000
2018-05-24 19:32:00.000000,0.02263000,0.02263000,0.02261700,0.02261700,2.17200000
2018-05-24 19:33:00.000000,0.02262000,0.02265900,0.02262000,0.02265900,1.86600000
2018-05-24 19:34:00.000000,0.02266000,0.02266500,0.02266000,0.02266500,0.55800000
2018-05-24 19:35:00.000000,0.02263600,0.02265000,0.02263000,0.02265000,3.13000000
2018-05-24 19:36:00.000000,0.02265900,0.02266600,0.02261700,0.02261700,8.59900000
2018-05-24 19:37:00.000000,0.02265000,0.02272800,0.02262200,0.02272800,13.96000000
2018-05-24 19:38:00.000000,0.02262900,0.02272500,0.02262800,0.02272400,8.86500000
2018-05-24 19:39:00.000000,0.02272000,0.02272000,0.02266200,0.02266400,1.50000000
2018-05-24 19:40:00.000000,0.02266600,0.02266600,0.02266600,0.02266600,0.44600000
2018-05-24 19:41:00.000000,0.02267700,0.02267800,0.02267700,0.02267700,1.32000000
2018-05-24 19:42:00.000000,0.02264500,0.02264500,0.02264500,0.02264500,3.19300000
2018-05-24 19:43:00.000000,0.02264200,0.02270200,0.02261700,0.02270200,53.78900000
2018-05-24 19:44:00.000000,0.02269300,0.02271600,0.02266500,0.02266500,17.16100000
2018-05-24 19:45:00.000000,0.02266700,0.02266700,0.02266500,0.02266500,9.16100000
2018-05-24 19:46:00.000000,0.02266700,0.02271600,0.02262500,0.02271400,17.73200000
2018-05-24 19:47:00.000000,0.02271000,0.02271100,0.02262500,0.02271100,35.16800000
2018-05-24 19:48:00.000000,0.02271000,0.02271100,0.02265200,0.02271000,4.24800000
2018-05-24 19:49:00.000000,0.02271000,0.02271100,0.02261700,0.02261700,45.79300000
2018-05-24 19:50:00.000000,0.02261800,0.02271000,0.02261700,0.02265700,16.92900000
2018-05-24 19:51:00.000000,0.02265800,0.02272700,0.02262200,0.02263300,38.85900000
2018-05-24 19:52:00.000000,0.02270700,0.02272500,0.02264300,0.02272500,5.89200000
2018-05-24 19:53:00.000000,0.02269600,0.02272200,0.02263400,0.02270500,12.41900000
2018-05-24 19:54:00.000000,0.02270500,0.02271600,0.02266100,0.02267200,6.15700000
2018-05-24 19:55:00.000000,0.02270700,0.02270700,0.02268000,0.02270700,51.49800000
2018-05-24 19:56:00.000000,0.02270800,0.02271800,0.02268100,0.02271800,63.27200000
2018-05-24 19:57:00.000000,0.02268400,0.02271800,0.02268400,0.02271600,56.43500000
2018-05-24 19:58:00.000000,0.02271500,0.02271600,0.02268200,0.02268300,76.72100000
2018-05-24 19:59:00.000000,0.02271400,0.02274500,0.02269300,0.02269300,31.42400000
2018-05-24 20:00:00.000000,0.02269600,0.02271900,0.02269600,0.02271900,0.29700000
2018-05-24 20:01:00.000000,0.02272700,0.02274500,0.02268200,0.02268300,14.31000000
2018-05-24 20:02:00.000000,0.02268300,0.02268300,0.02268300,0.02268300,0.00000000
2018-05-24 20:03:00.000000,0.02270200,0.02274500,0.02268800,0.02274100,5.33100000
2018-05-24 20:04:00.000000,0.02270200,0.02274000,0.02270200,0.02273700,2.17600000
2018-05-24 20:05:00.000000,0.02273700,0.02273700,0.02268100,0.02272000,45.01700000
2018-05-24 20:06:00.000000,0.02268200,0.02271900,0.02263500,0.02265000,17.90100000
2018-05-24 20:07:00.000000,0.02264900,0.02265000,0.02261700,0.02265000,14.28700000
2018-05-24 20:08:00.000000,0.02264900,0.02265000,0.02261700,0.02265000,48.92400000
2018-05-24 20:09:00.000000,0.02264900,0.02265000,0.02261900,0.02265000,60.95700000
2018-05-24 20:10:00.000000,0.02261900,0.02269000,0.02261900,0.02264900,37.92900000
2018-05-24 20:11:00.000000,0.02262500,0.02266600,0.02261700,0.02266300,35.16500000
2018-05-24 20:12:00.000000,0.02265500,0.02270900,0.02261900,0.02264400,3.37700000
2018-05-24 20:13:00.000000,0.02264800,0.02269500,0.02264400,0.02269400,1.90800000
2018-05-24 20:14:00.000000,0.02268100,0.02268100,0.02268000,0.02268000,1.79800000
2018-05-24 20:15:00.000000,0.02265000,0.02270000,0.02265000,0.02270000,5.30000000
2018-05-24 20:16:00.000000,0.02268600,0.02268600,0.02264600,0.02264600,0.41900000
2018-05-24 20:17:00.000000,0.02268000,0.02268400,0.02264500,0.02264500,0.52500000
2018-05-24 20:18:00.000000,0.02264500,0.02269500,0.02262300,0.02263900,1.47300000
2018-05-24 20:19:00.000000,0.02265600,0.02268900,0.02262600,0.02262600,21.57200000
2018-05-24 20:20:00.000000,0.02262600,0.02270000,0.02262600,0.02270000,8.52200000
2018-05-24 20:21:00.000000,0.02266000,0.02268200,0.02262200,0.02262200,3.09700000
2018-05-24 20:22:00.000000,0.02267700,0.02267700,0.02262200,0.02266900,4.22600000
2018-05-24 20:23:00.000000,0.02263100,0.02266800,0.02263000,0.02266800,15.21800000
2018-05-24 20:24:00.000000,0.02266900,0.02270000,0.02262300,0.02262300,91.79500000
2018-05-24 20:25:00.000000,0.02262400,0.02268700,0.02261700,0.02262000,29.39800000
2018-05-24 20:26:00.000000,0.02262100,0.02268700,0.02261700,0.02268700,2.59900000
2018-05-24 20:27:00.000000,0.02263400,0.02263400,0.02261700,0.02261700,0.98100000
2018-05-24 20:28:00.000000,0.02262100,0.02269900,0.02262100,0.02269700,3.74000000
2018-05-24 20:29:00.000000,0.02269700,0.02269900,0.02264100,0.02264100,0.54500000
2018-05-24 20:30:00.000000,0.02264100,0.02264100,0.02263100,0.02264000,4.76000000
2018-05-24 20:31:00.000000,0.02264000,0.02267600,0.02263100,0.02263400,6.08100000
2018-05-24 20:32:00.000000,0.02265900,0.02265900,0.02264600,0.02265900,7.22800000
2018-05-24 20:33:00.000000,0.02264600,0.02266000,0.02264600,0.02266000,7.64000000
2018-05-24 20:34:00.000000,0.02268200,0.02268200,0.02260000,0.02261200,41.24400000
2018-05-24 20:35:00.000000,0.02261400,0.02263700,0.02260200,0.02260300,2.10900000
2018-05-24 20:36:00.000000,0.02260300,0.02260300,0.02260300,0.02260300,0.00000000
2018-05-24 20:37:00.000000,0.02260400,0.02262900,0.02260200,0.02262800,35.90300000
2018-05-24 20:38:00.000000,0.02262900,0.02265900,0.02262000,0.02262000,29.33800000
2018-05-24 20:39:00.000000,0.02263000,0.02263000,0.02261500,0.02262900,16.36700000
2018-05-24 20:40:00.000000,0.02260100,0.02262900,0.02260100,0.02262900,30.81900000
2018-05-24 20:41:00.000000,0.02262900,0.02262900,0.02260100,0.02262800,33.03500000
2018-05-24 20:42:00.000000,0.02261400,0.02265800,0.02260400,0.02260500,4.64600000
2018-05-24 20:43:00.000000,0.02263900,0.02263900,0.02263600,0.02263700,0.42800000
2018-05-24 20:44:00.000000,0.02263500,0.02263500,0.02263500,0.02263500,0.25000000
2018-05-24 20:45:00.000000,0.02261800,0.02263500,0.02261800,0.02263400,2.35000000
2018-05-24 20:46:00.000000,0.02261900,0.02263400,0.02259500,0.02260500,12.55100000
2018-05-24 20:47:00.000000,0.02260500,0.02263300,0.02260500,0.02262900,6.25900000
2018-05-24 20:48:00.000000,0.02262900,0.02262900,0.02261900,0.02261900,4.70400000
2018-05-24 20:49:00.000000,0.02262400,0.02262400,0.02261300,0.02261300,3.52400000
2018-05-24 20:50:00.000000,0.02261300,0.02261400,0.02261000,0.02261400,6.56400000
2018-05-24 20:51:00.000000,0.02261400,0.02261900,0.02260800,0.02260800,2.95700000
2018-05-24 20:52:00.000000,0.02261900,0.02268600,0.02260800,0.02267300,3.51000000
2018-05-24 20:53:00.000000,0.02267300,0.02267300,0.02267300,0.02267300,0.00000000
2018-05-24 20:54:00.000000,0.02264700,0.02267300,0.02264600,0.02267300,7.90400000
2018-05-24 20:55:00.000000,0.02266200,0.02266200,0.02266200,0.02266200,0.05700000
2018-05-24 20:56:00.000000,0.02261300,0.02261900,0.02261300,0.02261700,1.35800000
2018-05-24 20:57:00.000000,0.02261900,0.02261900,0.02261900,0.02261900,0.35800000
2018-05-24 20:58:00.000000,0.02261400,0.02268400,0.02260700,0.02268400,6.41300000
2018-05-24 20:59:00.000000,0.02268300,0.02270000,0.02263200,0.02269400,40.01000000
2018-05-24 21:00:00.000000,0.02269700,0.02270900,0.02269400,0.02269400,9.92700000
2018-05-24 21:01:00.000000,0.02263100,0.02263400,0.02261300,0.02261300,3.28300000
2018-05-24 21:02:00.000000,0.02261500,0.02266700,0.02261500,0.02266500,3.08200000
2018-05-24 21:03:00.000000,0.02263900,0.02263900,0.02263900,0.02263900,0.15200000
2018-05-24 21:04:00.000000,0.02266400,0.02269500,0.02262700,0.02269500,34.24000000
2018-05-24 21:05:00.000000,0.02264000,0.02264000,0.02262800,0.02264000,0.34100000
2018-05-24 21:06:00.000000,0.02269100,0.02269100,0.02269100,0.02269100,6.04300000
2018-05-24 21:07:00.000000,0.02268700,0.02268700,0.02264100,0.02264100,6.70100000
2018-05-24 21:08:00.000000,0.02264300,0.02267200,0.02264300,0.02267200,1.66900000
2018-05-24 21:09:00.000000,0.02266500,0.02268600,0.02264200,0.02268600,1.23700000
2018-05-24 21:10:00.000000,0.02266600,0.02266600,0.02265000,0.02265000,2.17400000
2018-05-24 21:11:00.000000,0.02265000,0.02265000,0.02259700,0.02261000,49.19800000
2018-05-24 21:12:00.000000,0.02262900,0.02262900,0.02252300,0.02260600,47.95600000
2018-05-24 21:13:00.000000,0.02259500,0.02264900,0.02257500,0.02264900,2.71200000
2018-05-24 21:14:00.000000,0.02264800,0.02264800,0.02260900,0.02263200,5.65800000
2018-05-24 21:15:00.000000,0.02263100,0.02264900,0.02250900,0.02262500,115.55200000
2018-05-24 21:16:00.000000,0.02255500,0.02255500,0.02255500,0.02255500,0.34100000
2018-05-24 21:17:00.000000,0.02262300,0.02262300,0.02255000,0.02262200,28.23300000
2018-05-24 21:18:00.000000,0.02261800,0.02264900,0.02258200,0.02264900,6.23200000
2018-05-24 21:19:00.000000,0.02264300,0.02267600,0.02263400,0.02267600,9.58200000
2018-05-24 21:20:00.000000,0.02267000,0.02268600,0.02267000,0.02268600,29.32700000
2018-05-24 21:21:00.000000,0.02266600,0.02266600,0.02266300,0.02266300,0.66500000
2018-05-24 21:22:00.000000,0.02263200,0.02263200,0.02260000,0.02260100,1.33200000
2018-05-24 21:23:00.000000,0.02264500,0.02264600,0.02264100,0.02264100,1.05200000
2018-05-24 21:24:00.000000,0.02260400,0.02268300,0.02260000,0.02267900,37.68700000
2018-05-24 21:25:00.000000,0.02266300,0.02266300,0.02260600,0.02260600,0.92700000
2018-05-24 21:26:00.000000,0.02259200,0.02260000,0.02253700,0.02258800,72.76800000
2018-05-24 21:27:00.000000,0.02256100,0.02259500,0.02254700,0.02259500,101.57900000
2018-05-24 21:28:00.000000,0.02259500,0.02259500,0.02259500,0.02259500,0.93100000
2018-05-24 21:29:00.000000,0.02259000,0.02264800,0.02255700,0.02264800,29.44900000
2018-05-24 21:30:00.000000,0.02258700,0.02264300,0.02258700,0.02264300,0.93200000
2018-05-24 21:31:00.000000,0.02259300,0.02261600,0.02259300,0.02259300,4.31000000
2018-05-24 21:32:00.000000,0.02259200,0.02259200,0.02251900,0.02257300,32.45300000
2018-05-24 21:33:00.000000,0.02257200,0.02257400,0.02253000,0.02253000,0.89400000
2018-05-24 21:34:00.000000,0.02255100,0.02257000,0.02253100,0.02257000,13.56700000
2018-05-24 21:35:00.000000,0.02256000,0.02256000,0.02252900,0.02252900,27.70200000
2018-05-24 21:36:00.000000,0.02252900,0.02252900,0.02251300,0.02251300,8.47000000
2018-05-24 21:37:00.000000,0.02250400,0.02251700,0.02250100,0.02250200,36.13900000
2018-05-24 21:38:00.000000,0.02251600,0.02251800,0.02248000,0.02248200,20.36800000
2018-05-24 21:39:00.000000,0.02246800,0.02250000,0.02242000,0.02245000,68.94700000
2018-05-24 21:40:00.000000,0.02245200,0.02249900,0.02245200,0.02245800,3.31300000
2018-05-24 21:41:00.000000,0.02245900,0.02248900,0.02245700,0.02248900,13.76700000
2018-05-24 21:42:00.000000,0.02245900,0.02248500,0.02245400,0.02245400,29.34700000
2018-05-24 21:43:00.000000,0.02245100,0.02248100,0.02244600,0.02247000,4.46700000
2018-05-24 21:44:00.000000,0.02245900,0.02246800,0.02233100,0.02242400,53.21300000
2018-05-24 21:45:00.000000,0.02242400,0.02243400,0.02233100,0.02242900,18.11000000
2018-05-24 21:46:00.000000,0.02242800,0.02245300,0.02238800,0.02245300,76.63400000
2018-05-24 21:47:00.000000,0.02245300,0.02245300,0.02244800,0.02244800,3.05300000
2018-05-24 21:48:00.000000,0.02244800,0.02244800,0.02244800,0.02244800,0.00000000
2018-05-24 21:49:00.000000,0.02244800,0.02244800,0.02244800,0.02244800,0.00000000
2018-05-24 21:50:00.000000,0.02239100,0.02244700,0.02233300,0.02233300,13.22400000
2018-05-24 21:51:00.000000,0.02243400,0.02243600,0.02230300,0.02239400,21.90200000
2018-05-24 21:52:00.000000,0.02239400,0.02240800,0.02234400,0.02240700,17.61700000
2018-05-24 21:53:00.000000,0.02233900,0.02239100,0.02233800,0.02238300,0.89500000
2018-05-24 21:54:00.000000,0.02233400,0.02238200,0.02233300,0.02237800,2.20200000
2018-05-24 21:55:00.000000,0.02237800,0.02237900,0.02237300,0.02237500,20.73800000
2018-05-24 21:56:00.000000,0.02237400,0.02237800,0.02233900,0.02237000,6.20400000
2018-05-24 21:57:00.000000,0.02235800,0.02237800,0.02230100,0.02236500,60.16100000
2018-05-24 21:58:00.000000,0.02236900,0.02237800,0.02234300,0.02236900,13.13800000
2018-05-24 21:59:00.000000,0.02237000,0.02237800,0.02236800,0.02237800,31.21300000
2018-05-24 22:00:00.000000,0.02237400,0.02237800,0.02236100,0.02237800,4.98300000
2018-05-24 22:01:00.000000,0.02237700,0.02237800,0.02237100,0.02237800,8.37800000
2018-05-24 22:02:00.000000,0.02237800,0.02237800,0.02237200,0.02237300,4.52500000
2018-05-24 22:03:00.000000,0.02237300,0.02237800,0.02230600,0.02237600,19.68300000
2018-05-24 22:04:00.000000,0.02237500,0.02237800,0.02231300,0.02237500,26.67100000
2018-05-24 22:05:00.000000,0.02236000,0.02236600,0.02230600,0.02236600,29.17800000
2018-05-24 22:06:00.000000,0.02236600,0.02237800,0.02236600,0.02236600,23.87500000
2018-05-24 22:07:00.000000,0.02234200,0.02237800,0.02234200,0.02237800,15.17600000
2018-05-24 22:08:00.000000,0.02235700,0.02244800,0.02235700,0.02244500,67.50100000
2018-05-24 22:09:00.000000,0.02239700,0.02243800,0.02238000,0.02238400,0.46300000
2018-05-24 22:10:00.000000,0.02238400,0.02238400,0.02238400,0.02238400,0.00000000
2018-05-24 22:11:00.000000,0.02239300,0.02243800,0.02239200,0.02243800,3.69700000
2018-05-24 22:12:00.000000,0.02239900,0.02249300,0.02239900,0.02249300,33.79400000
2018-05-24 22:13:00.000000,0.02240200,0.02246500,0.02238900,0.02238900,5.61200000
2018-05-24 22:14:00.000000,0.02242000,0.02243700,0.02239300,0.02243700,6.03800000
2018-05-24 22:15:00.000000,0.02243500,0.02251800,0.02243400,0.02251800,26.10200000
2018-05-24 22:16:00.000000,0.02251600,0.02251600,0.02243400,0.02243400,12.45400000
2018-05-24 22:17:00.000000,0.02246300,0.02250200,0.02240200,0.02241100,91.71900000
2018-05-24 22:18:00.000000,0.02240400,0.02249900,0.02240400,0.02249600,10.28200000
2018-05-24 22:19:00.000000,0.02242100,0.02244700,0.02236000,0.02244700,34.07200000
2018-05-24 22:20:00.000000,0.02244400,0.02244600,0.02242700,0.02242700,4.89600000
2018-05-24 22:21:00.000000,0.02242700,0.02242700,0.02242700,0.02242700,0.00000000
2018-05-24 22:22:00.000000,0.02241700,0.02242400,0.02240800,0.02242400,3.87300000
2018-05-24 22:23:00.000000,0.02241000,0.02242400,0.02241000,0.02242300,2.71400000
2018-05-24 22:24:00.000000,0.02245300,0.02245300,0.02243900,0.02243900,3.50900000
2018-05-24 22:25:00.000000,0.02243200,0.02243200,0.02243200,0.02243200,0.44500000
2018-05-24 22:26:00.000000,0.02243100,0.02243100,0.02243100,0.02243100,2.31000000
2018-05-24 22:27:00.000000,0.02243100,0.02243500,0.02243000,0.02243000,12.57500000
2018-05-24 22:28:00.000000,0.02243100,0.02243100,0.02240600,0.02240600,10.20900000
2018-05-24 22:29:00.000000,0.02240600,0.02240700,0.02236200,0.02239300,8.22800000
2018-05-24 22:30:00.000000,0.02239300,0.02241200,0.02236400,0.02239200,0.59700000
2018-05-24 22:31:00.000000,0.02239200,0.02240700,0.02236500,0.02236500,9.75100000
2018-05-24 22:32:00.000000,0.02236500,0.02240100,0.02236500,0.02240100,2.48500000
2018-05-24 22:33:00.000000,0.02238300,0.02243000,0.02238300,0.02243000,15.33100000
2018-05-24 22:34:00.000000,0.02237800,0.02242600,0.02237800,0.02242400,0.14300000
2018-05-24 22:35:00.000000,0.02237900,0.02241700,0.02237900,0.02241700,14.75700000
2018-05-24 22:36:00.000000,0.02240200,0.02241000,0.02239400,0.02241000,6.04900000
2018-05-24 22:37:00.000000,0.02240000,0.02241600,0.02236600,0.02236600,7.71400000
2018-05-24 22:38:00.000000,0.02241800,0.02246000,0.02237300,0.02245800,27.02300000
2018-05-24 22:39:00.000000,0.02245600,0.02245600,0.02238600,0.02243500,3.12100000
2018-05-24 22:40:00.000000,0.02244700,0.02252800,0.02242800,0.02248500,39.27200000
2018-05-24 22:41:00.000000,0.02243600,0.02246800,0.02238100,0.02243100,15.97300000
2018-05-24 22:42:00.000000,0.02243000,0.02243000,0.02243000,0.02243000,1.95300000
2018-05-24 22:43:00.000000,0.02247000,0.02253600,0.02243000,0.02243100,46.35900000
2018-05-24 22:44:00.000000,0.02247500,0.02253300,0.02246500,0.02246500,7.35200000
2018-05-24 22:45:00.000000,0.02249500,0.02249500,0.02249500,0.02249500,0.40400000
2018-05-24 22:46:00.000000,0.02248600,0.02251000,0.02245800,0.02251000,9.24000000
2018-05-24 22:47:00.000000,0.02250900,0.02259600,0.02247200,0.02249900,48.34500000
2018-05-24 22:48:00.000000,0.02256300,0.02256600,0.02250300,0.02255900,8.49200000
2018-05-24 22:49:00.000000,0.02251600,0.02255000,0.02251600,0.02253700,4.42200000
2018-05-24 22:50:00.000000,0.02253600,0.02255000,0.02252600,0.02255000,9.79400000
2018-05-24 22:51:00.000000,0.02252600,0.02252600,0.02252600,0.02252600,1.03100000
2018-05-24 22:52:00.000000,0.02253700,0.02264000,0.02252500,0.02257400,119.06900000
2018-05-24 22:53:00.000000,0.02257300,0.02263500,0.02253600,0.02256900,4.80000000
2018-05-24 22:54:00.000000,0.02257800,0.02258300,0.02255200,0.02255400,3.65300000
2018-05-24 22:55:00.000000,0.02257600,0.02257600,0.02254400,0.02257400,3.69300000
2018-05-24 22:56:00.000000,0.02257200,0.02257200,0.02257200,0.02257200,0.04500000
2018-05-24 22:57:00.000000,0.02256800,0.02264400,0.02256800,0.02258000,37.72400000
2018-05-24 22:58:00.000000,0.02258100,0.02258100,0.02253400,0.02257700,8.93500000
2018-05-24 22:59:00.000000,0.02257100,0.02257100,0.02257100,0.02257100,0.00600000
2018-05-24 23:00:00.000000,0.02256900,0.02266600,0.02254600,0.02258100,49.16700000
2018-05-24 23:01:00.000000,0.02265200,0.02265200,0.02255300,0.02255700,17.85200000
2018-05-24 23:02:00.000000,0.02261600,0.02261700,0.02257500,0.02257500,1.39300000
2018-05-24 23:03:00.000000,0.02258400,0.02258400,0.02258400,0.02258400,0.06200000
2018-05-24 23:04:00.000000,0.02258500,0.02258500,0.02258500,0.02258500,5.37800000
2018-05-24 23:05:00.000000,0.02258600,0.02262500,0.02258600,0.02262100,4.29400000
2018-05-24 23:06:00.000000,0.02260300,0.02262400,0.02258600,0.02262400,8.36200000
2018-05-24 23:07:00.000000,0.02262300,0.02262300,0.02258800,0.02258800,0.99600000
2018-05-24 23:08:00.000000,0.02260400,0.02262100,0.02258700,0.02258700,4.52300000
2018-05-24 23:09:00.000000,0.02258800,0.02262000,0.02258700,0.02262000,2.38300000
2018-05-24 23:10:00.000000,0.02258800,0.02258900,0.02258800,0.02258900,0.65000000
2018-05-24 23:11:00.000000,0.02259100,0.02259100,0.02259100,0.02259100,46.92200000
2018-05-24 23:12:00.000000,0.02259000,0.02262500,0.02259000,0.02262500,14.47000000
2018-05-24 23:13:00.000000,0.02259100,0.02261900,0.02258400,0.02261900,45.54000000
2018-05-24 23:14:00.000000,0.02261900,0.02262400,0.02258800,0.02262400,61.08800000
2018-05-24 23:15:00.000000,0.02259000,0.02261800,0.02258400,0.02258600,67.74600000
2018-05-24 23:16:00.000000,0.02260600,0.02268700,0.02258400,0.02268700,39.57100000
2018-05-24 23:17:00.000000,0.02258700,0.02260300,0.02258600,0.02258800,3.57500000
2018-05-24 23:18:00.000000,0.02258800,0.02259600,0.02258800,0.02259600,2.09700000
2018-05-24 23:19:00.000000,0.02259100,0.02263600,0.02259100,0.02263600,6.08400000
2018-05-24 23:20:00.000000,0.02260000,0.02261500,0.02260000,0.02260000,7.76000000
2018-05-24 23:21:00.000000,0.02260000,0.02260100,0.02258400,0.02260100,38.25500000
2018-05-24 23:22:00.000000,0.02260200,0.02261600,0.02260200,0.02260300,123.80600000
2018-05-24 23:23:00.000000,0.02260300,0.02262500,0.02260300,0.02262500,11.85900000
2018-05-24 23:24:00.000000,0.02262500,0.02268000,0.02260300,0.02260300,11.62500000
2018-05-24 23:25:00.000000,0.02263700,0.02269900,0.02261000,0.02263600,37.50500000
2018-05-24 23:26:00.000000,0.02268000,0.02268000,0.02268000,0.02268000,0.06600000
2018-05-24 23:27:00.000000,0.02267000,0.02267100,0.02260700,0.02261000,2.78000000
2018-05-24 23:28:00.000000,0.02264500,0.02269900,0.02264500,0.02269900,24.64100000
2018-05-24 23:29:00.000000,0.02266800,0.02270100,0.02260300,0.02266400,85.60100000
2018-05-24 23:30:00.000000,0.02265000,0.02266000,0.02263000,0.02263000,1.41400000
2018-05-24 23:31:00.000000,0.02263000,0.02265300,0.02260400,0.02265200,1.48000000
2018-05-24 23:32:00.000000,0.02265200,0.02265200,0.02260300,0.02260300,48.43600000
2018-05-24 23:33:00.000000,0.02262000,0.02270100,0.02262000,0.02269100,32.08000000
2018-05-24 23:34:00.000000,0.02268300,0.02268700,0.02260700,0.02260700,4.59800000
2018-05-24 23:35:00.000000,0.02265800,0.02269300,0.02262300,0.02265000,4.98800000
2018-05-24 23:36:00.000000,0.02267700,0.02267700,0.02265000,0.02267000,1.91300000
2018-05-24 23:37:00.000000,0.02266300,0.02267300,0.02260300,0.02260400,32.78900000
2018-05-24 23:38:00.000000,0.02265500,0.02265600,0.02264900,0.02264900,9.70900000
2018-05-24 23:39:00.000000,0.02266900,0.02267500,0.02264900,0.02267400,30.71500000
2018-05-24 23:40:00.000000,0.02267500,0.02268700,0.02265000,0.02265000,6.74800000
2018-05-24 23:41:00.000000,0.02265100,0.02268700,0.02265000,0.02268100,10.11900000
2018-05-24 23:42:00.000000,0.02268300,0.02269300,0.02265000,0.02265000,61.60800000
2018-05-24 23:43:00.000000,0.02268800,0.02268800,0.02265000,0.02268100,34.39900000
2018-05-24 23:44:00.000000,0.02265100,0.02274500,0.02265100,0.02265800,36.45700000
2018-05-24 23:45:00.000000,0.02265300,0.02272200,0.02265300,0.02265400,4.21600000
2018-05-24 23:46:00.000000,0.02265400,0.02265400,0.02265000,0.02265000,27.45400000
2018-05-24 23:47:00.000000,0.02265000,0.02266300,0.02265000,0.02266300,72.86100000
2018-05-24 23:48:00.000000,0.02266300,0.02266300,0.02266300,0.02266300,1.15200000
2018-05-24 23:49:00.000000,0.02265700,0.02267700,0.02265200,0.02267700,50.03800000
2018-05-24 23:50:00.000000,0.02267700,0.02267700,0.02265200,0.02265200,10.50000000
2018-05-24 23:51:00.000000,0.02265200,0.02272800,0.02265200,0.02272200,10.75700000
2018-05-24 23:52:00.000000,0.02267800,0.02272500,0.02266400,0.02270700,3.25100000
2018-05-24 23:53:00.000000,0.02265200,0.02267500,0.02265200,0.02265600,7.96500000
2018-05-24 23:54:00.000000,0.02269100,0.02273200,0.02265300,0.02267100,20.21400000
2018-05-24 23:55:00.000000,0.02267600,0.02274500,0.02265900,0.02266700,28.50200000
2018-05-24 23:56:00.000000,0.02267300,0.02267300,0.02265200,0.02265400,6.01600000
2018-05-24 23:57:00.000000,0.02266400,0.02268500,0.02266300,0.02267600,11.31000000
2018-05-24 23:58:00.000000,0.02267600,0.02268500,0.02267500,0.02268500,13.05100000
2018-05-24 23:59:00.000000,0.02268000,0.02268300,0.02264900,0.02268300,51.31100000
2018-05-25 00:00:00.000000,0.02266600,0.02273500,0.02265100,0.02273300,59.25400000
